[-0.7681187   0.10321771  2.3506708 ]	 [-0.2849568  -0.00253123  0.8246782 ]	
[-1.0298225   0.20949595  3.1128008 ]	 [-0.7814763  -0.01631581  2.193345  ]	
[-1.4315765   0.36522198  3.9462118 ]	 [-1.411353   -0.03336618  3.417939  ]	
[-0.741367   -0.07918365  5.046549  ]	 [-0.6668016  -0.02841181  5.226948  ]	
[2.603407   0.46024293 4.945278  ]	 [1.59012   0.0921714 4.495302 ]	
[2.0629566  0.13908185 5.616745  ]	 [ 2.472277  -0.1916921  5.557127 ]	
[1.9874022  0.23177649 3.7068207 ]	 [1.910729   0.01859656 4.421636  ]	
[ 1.9107587  -0.04742317  5.804846  ]	 [ 2.10498    -0.06620649  5.812216  ]	
[-0.11266924  0.06970038  4.418578  ]	 [-0.06740344  0.06518048  4.754767  ]	
[-9.6581954e-01 -2.9962659e-03  3.6593969e+00]	 [-0.3484994   0.00398885  3.320291  ]	
[ 0.19165945 -0.1192213   2.4987798 ]	 [0.191071   0.01102191 1.747313  ]	
[ 0.19426268 -0.06976339  1.7745595 ]	 [0.03534271 0.00094925 0.242057  ]	
[ 0.20662022 -0.01712048  1.658056  ]	 [-2.969801e-05 -2.818283e-04  2.269163e-01]	
[-0.27625316 -0.01550525  1.6902514 ]	 [ 2.463289e-03 -4.217933e-05  7.790220e-03]	
[ 0.09823868 -0.00691771  1.5812182 ]	 [ 0.06889623 -0.00724769  1.489597  ]	
[-0.17316435 -0.01460979  2.0684032 ]	 [-0.01389211  0.00118513  0.105128  ]	
[ 0.45353407 -0.01483843  1.6847823 ]	 [ 0.1857796  -0.00719961  1.518054  ]	
[-0.00585765 -0.00629812  3.1353898 ]	 [-0.01957262 -0.01703621  3.018857  ]	
[-0.3072261  -0.03830166  4.5386395 ]	 [-0.3077997 -0.0266027  4.501916 ]	
[-0.67538136 -0.02399366  5.9741306 ]	 [-0.7169963  -0.03928795  5.920229  ]	
[-0.60668314 -0.03987132  7.4601555 ]	 [-0.6105208  -0.04534465  7.453641  ]	
[-0.35338396 -0.03507797  8.992553  ]	 [-0.3711884  -0.05196595  8.980689  ]	
[-0.7798836  -0.04994778 10.443552  ]	 [-0.8187535  -0.07086362 10.42      ]	
[-0.5766209  -0.05807565 11.994819  ]	 [-0.6034597  -0.07292344 11.93828   ]	
[ 0.06832659  0.07958259 10.508546  ]	 [ 0.06810892  0.05586072 10.45151   ]	
[-0.422453   -0.06135599 11.963198  ]	 [-0.4268137  -0.06548303 11.84014   ]	
[-1.2886056   0.07945879 10.599416  ]	 [-1.078081    0.02148363 10.51462   ]	
[0.02462471 0.07865222 8.838013  ]	 [0.08577487 0.0513826  8.866378  ]	
[-0.07076162  0.01094557  8.50204   ]	 [-7.294786e-02  1.100797e-03  8.824801e+00]	
[-0.5218183  -0.02209531  8.658633  ]	 [-4.731537e-01 -4.793843e-03  8.780270e+00]	
[-0.18378392  0.04089512  8.575762  ]	 [-1.705751e-01 -8.614478e-05  8.778175e+00]	
[ 7.4009597e-01 -7.6585859e-03  1.0114722e+01]	 [ 0.6696141  -0.06408212 10.1431    ]	
[ 1.3184273e+00 -6.5428466e-03  9.9612837e+00]	 [ 1.310855   -0.03563961 10.00483   ]	
[ 0.2127614 -0.0658385 11.587272 ]	 [ 0.2010362  -0.05974901 11.50362   ]	
[-0.876342   -0.06558727 12.701976  ]	 [-0.8765383 -0.0799365 12.61395  ]	
[-0.9205773   0.02915247 11.429464  ]	 [-0.8850684   0.04015293 11.32757   ]	
[0.07204184 0.1158088  9.8090925 ]	 [0.1081992  0.05578398 9.793254  ]	
[ 0.70972836 -0.03260855 11.1619625 ]	 [ 0.6765486  -0.06760381 11.16809   ]	
[ 0.39573532 -0.05834489 12.697408  ]	 [ 0.3513778  -0.07360142 12.68794   ]	
[ 0.24042988 -0.06881826 14.197955  ]	 [ 0.2339692  -0.08123561 14.17794   ]	
[1.3045830e+00 3.7142783e-03 1.4862578e+01]	 [ 1.151469   0.1907075 14.84657  ]	
[ 2.414012    0.10930713 14.584821  ]	 [ 1.554675  1.32744  15.17654 ]	
[-0.12925021 -0.01417013  1.4564782 ]	 [-0.1299385 -0.0071893  1.457088 ]	
[-0.37495908 -0.03156501  3.0488245 ]	 [-0.3624858  -0.01762585  2.933742  ]	
[-0.6254082  -0.03275572  4.420837  ]	 [-0.6288531 -0.0280018  4.390734 ]	
[-0.7357748  -0.04678874  5.9127846 ]	 [-0.754106   -0.03816703  5.891036  ]	
[-0.9069498  -0.04729168  7.3991423 ]	 [-0.8619893  -0.04983948  7.390872  ]	
[-1.1163425  -0.01183043  7.360487  ]	 [-1.083797   -0.01734198  7.357368  ]	
[-0.970968   -0.02181052  6.0406647 ]	 [-0.9310403   0.02434928  5.868441  ]	
[-0.6439552   0.05079782  4.257764  ]	 [-0.643229    0.02261095  4.392247  ]	
[-0.67622286 -0.02571644  5.7872896 ]	 [-0.70169    -0.03350623  5.8286    ]	
[-0.6319307  -0.04204719  7.3508472 ]	 [-0.6322706  -0.04540694  7.358461  ]	
[-0.39377433 -0.0388736   8.89279   ]	 [-0.4070404  -0.05184457  8.884968  ]	
[ 0.04242176 -0.05421405 10.423562  ]	 [ 0.01798201 -0.05882546 10.39056   ]	
[ 0.54884595 -0.06698023 11.821919  ]	 [ 0.5495186  -0.07379803 11.83662   ]	
[ 0.30588573 -0.06455569 13.37495   ]	 [ 0.2908258 -0.0767756 13.33727  ]	
[-0.29139936 -0.07841007 14.839068  ]	 [-0.3073406  -0.08667359 14.80481   ]	
[-1.1582929  -0.09772913 15.974475  ]	 [-1.091055    0.02689213 15.59125   ]	
[-1.3788397   0.17603321 14.919095  ]	 [-1.272416   0.2101749 14.71596  ]	
[-1.6880189   0.01446505 13.705929  ]	 [-1.088775   0.9465373 13.74601  ]	
[ 1.0089653  -0.08855401 13.653985  ]	 [ 2.86258    0.3321039 13.40283  ]	
[ 3.5102115  -0.10014431 13.420849  ]	 [ 6.292898 -1.192158 11.53929 ]	
[-0.49611092  1.374334   10.960757  ]	 [0.6826682 3.479339  8.739441 ]	
[-9.9706322e-02  9.2560053e-04  1.4738665e+00]	 [-0.1234783  -0.00717941  1.447351  ]	
[-0.3350937  -0.03032584  3.011994  ]	 [-0.3460715  -0.01746932  2.927144  ]	
[-0.53862983 -0.02151203  4.386836  ]	 [-0.5596995  -0.02734886  4.408857  ]	
[-1.0288236 -0.0394157  5.86252  ]	 [-0.9748786  -0.04258598  5.816952  ]	
[-0.38979268 -0.0627176   7.4130754 ]	 [-0.419768   -0.04159067  7.391482  ]	
[-0.7789347  -0.04412548  8.846727  ]	 [-0.7585363  -0.05929212  8.84242   ]	
[-0.6251048   0.01318027  8.787939  ]	 [-6.129338e-01 -6.941049e-03  8.881998e+00]	
[-0.54089427  0.02041228  8.721974  ]	 [-5.233112e-01 -3.453950e-03  8.872174e+00]	
[-5.8816719e-01 -1.9278973e-03  8.7317648e+00]	 [-5.287342e-01 -4.028855e-03  8.855410e+00]	
[-0.62289786  0.03143264  8.816047  ]	 [-5.756762e-01 -4.837135e-03  8.830423e+00]	
[-6.0648036e-01  9.8557770e-04  8.6651602e+00]	 [-5.680289e-01 -4.428048e-03  8.814428e+00]	
[-0.66035885 -0.01174764  8.730112  ]	 [-5.852726e-01 -4.884824e-03  8.792316e+00]	
[-6.4405453e-01 -1.9417256e-03  1.0268743e+01]	 [-0.6714058  -0.06160983 10.24694   ]	
[-0.4087901 -0.0623052 11.790568 ]	 [-0.4190998 -0.0689978 11.7617   ]	
[-0.8335327   0.03503765 10.398523  ]	 [-0.8105035   0.03778718 10.31557   ]	
[-0.25820148  0.04683627  8.722724  ]	 [-0.2413802   0.05042022  8.731089  ]	
[ 0.8108197  -0.07095198 10.06755   ]	 [ 0.7739186  -0.05919702  9.857329  ]	
[ 1.0751084e+00 -7.2203130e-03  9.7878981e+00]	 [ 1.026412   -0.02172581  9.924806  ]	
[ 1.5027286  -0.02147953  9.737936  ]	 [ 1.534441   -0.04290595  9.749589  ]	
[1.8868711  0.14358588 8.39515   ]	 [1.964667   0.08627514 8.480294  ]	
[2.1147890e+00 5.1142275e-04 9.5771198e+00]	 [ 2.277517 -0.149816  9.164555]	
[1.7336379e+00 6.7203194e-03 8.6596346e+00]	 [1.681574e+00 6.920062e-03 8.338476e+00]	
[1.1635832  0.03912486 6.910755  ]	 [1.176554   0.03089956 6.928217  ]	
[ 1.8434613  -0.09163095  7.9498415 ]	 [ 1.874122   -0.08312361  7.928903  ]	
[ 2.5243802  -0.04163097  8.437144  ]	 [2.50008    0.03932156 8.467897  ]	
[ 2.053043  -0.0286548  8.136271 ]	 [ 2.256364  -0.1572452  7.783903 ]	
[1.2604275  0.04464747 6.5369196 ]	 [1.341843   0.03206586 6.527895  ]	
[1.1337378  0.03316619 4.878519  ]	 [1.154823   0.02309509 5.014483  ]	
[ 1.581823   -0.05829994  6.2238617 ]	 [ 1.622486   -0.05968791  6.303954  ]	
[ 2.0611224  -0.08844487  7.532551  ]	 [ 2.036505   -0.08942439  7.642118  ]	
[1.8063314 0.1713502 6.4054394]	 [2.093002  0.0075735 6.373499 ]	
[ 2.199648   -0.07702114  7.734296  ]	 [ 2.315217  -0.1016725  7.584814 ]	
[1.5834287  0.10356553 6.518917  ]	 [1.633305  0.0133789 6.407737 ]	
[ 1.8888662  -0.07077955  7.6224117 ]	 [ 1.959698   -0.08169751  7.69029   ]	
[1.75472    0.11343162 6.53992   ]	 [ 1.972515   -0.01932716  6.488463  ]	
[ 2.1594114  -0.08543424  7.830392  ]	 [ 2.195797   -0.09007382  7.787865  ]	
[1.6593158 0.0460458 6.616596 ]	 [1.741241e+00 4.725337e-03 6.555182e+00]	
[ 1.8991187  -0.07476477  7.93452   ]	 [ 1.891762  -0.0793433  7.930268 ]	
[ 1.4021566e+00 -6.7657679e-03  8.1837950e+00]	 [ 1.327078   -0.01964799  8.180925  ]	
[ 0.47415823 -0.04420207  9.91377   ]	 [ 0.5044842  -0.05131212  9.713746  ]	
[ 0.65418684 -0.07410525 11.194316  ]	 [ 0.630991   -0.07078158 11.19625   ]	
[-0.09345376  0.06995966  9.800668  ]	 [-0.04248905  0.05189282  9.728382  ]	
[1.258158   0.10582389 8.04166   ]	 [1.214618  0.2398116 8.058828 ]	
[0.83294326 0.0429609  9.586622  ]	 [ 1.442751  -0.3106992  9.325344 ]	
[0.21810749 0.07418384 7.9862823 ]	 [-0.041152    0.07344089  7.890002  ]	
[ 0.6943077  -0.11089192  9.150077  ]	 [ 0.8363867  -0.05646471  9.038037  ]	
[ 1.0570526e+00 -2.8347224e-03  8.9956217e+00]	 [ 1.05461    -0.02225317  9.159138  ]	
[ 0.7511443  -0.05544798 10.741772  ]	 [ 0.7402319  -0.06299379 10.65251   ]	
[ 1.145371   -0.01241754 10.524709  ]	 [ 1.155029  -0.0281051 10.58606  ]	
[1.3729435  0.03551938 9.1485195 ]	 [ 1.434349   -0.01226892  9.286033  ]	
[ 1.4300969  -0.10718946  9.360007  ]	 [ 1.247122   -0.01753507  9.205036  ]	
[ 0.9598106  -0.05945621 10.802786  ]	 [ 0.9576516  -0.06890241 10.71641   ]	
[1.0595582  0.05360378 9.317668  ]	 [1.086537   0.02669544 9.303629  ]	
[ 1.4248774  -0.06384991 10.609512  ]	 [ 1.451135   -0.08265688 10.51277   ]	
[1.0289875  0.01616503 9.299869  ]	 [1.001635   0.03483531 9.198834  ]	
[ 1.1579578  -0.07634608 10.571679  ]	 [ 1.15537    -0.07433438 10.58652   ]	
[ 1.379123   -0.02619515 10.523574  ]	 [ 1.343874   -0.03412552 10.5546    ]	
[1.2228608  0.02803303 9.123041  ]	 [1.239142   0.02671445 9.11362   ]	
[ 1.3410761  -0.06263439 10.504838  ]	 [ 1.34372   -0.0789321 10.45694  ]	
[1.4916618  0.01779075 9.249636  ]	 [ 1.491815e+00 -2.637560e-03  9.189454e+00]	
[1.5034022  0.00878216 7.7181206 ]	 [1.568079e+00 1.887977e-04 7.766570e+00]	
[ 1.5907452  -0.03457497  7.656266  ]	 [ 1.603112   -0.02846285  7.646479  ]	
[ 1.4858534  -0.07571749  9.382445  ]	 [ 1.46953    -0.07465518  9.178296  ]	
[ 0.7959445  -0.05547957 10.867461  ]	 [ 0.7928944  -0.06655614 10.80301   ]	
[-0.32449943 -0.06168596 12.193706  ]	 [-0.331481   -0.06729288 12.12932   ]	
[-0.8357235   0.02209641 10.814602  ]	 [-0.7813849   0.04310075 10.68064   ]	
[-1.0823501  -0.09912227 11.947779  ]	 [-1.068902   -0.08194423 12.03295   ]	
[-1.0467638   0.03136458 10.670577  ]	 [-1.015673    0.03758745 10.59016   ]	
[-0.2583909   0.07869814  8.992339  ]	 [-0.2329978   0.05238741  9.10345   ]	
[ 0.40497005 -0.03096275 10.546924  ]	 [ 0.3401487  -0.05792184 10.54071   ]	
[ 0.3214382  -0.05534725 12.046502  ]	 [ 0.2895813  -0.06960475 12.02466   ]	
[1.15908384e-01 9.37731564e-03 1.20502253e+01]	 [ 1.329942e-01 -3.090093e-03  1.204794e+01]	
[-2.1545035e-01 -4.0479749e-03  1.2031032e+01]	 [-2.023134e-01 -1.123196e-03  1.201863e+01]	
[ 0.03558332 -0.03330134 11.97811   ]	 [-1.558447e-02 -3.710706e-04  1.199950e+01]	
[-0.4595899  -0.05650489 13.39604   ]	 [-0.5030596  -0.07854277 13.42909   ]	
[-0.87440026  0.03083982 12.089165  ]	 [-0.8450366   0.04413311 11.98039   ]	
[-0.5283082  -0.11314414 13.376908  ]	 [-0.496564   -0.07153548 13.36623   ]	
[-0.05144876  0.08126076 11.923025  ]	 [-0.08482035  0.06348164 11.88174   ]	
[ 0.81754875  0.06093211 10.22161   ]	 [ 0.7345685   0.03712784 10.39413   ]	
[ 0.34799898 -0.078292   11.774299  ]	 [ 0.3333156  -0.06074219 11.75851   ]	
[ 2.6916567e-02 -1.0037169e-02  1.1838168e+01]	 [ 1.617146e-02 -2.992790e-03  1.177429e+01]	
[-0.13795632  0.02212127 11.5413265 ]	 [-1.247206e-01 -2.947594e-04  1.175309e+01]	
[-1.3196394e-01  1.9141585e-03  1.1538383e+01]	 [-1.535538e-01 -5.648532e-04  1.173520e+01]	
[-0.03122538  0.03364076 11.668376  ]	 [-2.799690e-02  1.830778e-04  1.171277e+01]	
[-2.1033746e-01  1.9935519e-03  1.1633214e+01]	 [-2.139169e-01 -1.234870e-03  1.169028e+01]	
[-3.4336892e-01 -4.7710389e-03  1.1633243e+01]	 [-3.589152e-01 -2.942434e-03  1.166337e+01]	
[-1.6695186e-01  6.3450634e-04  1.1627195e+01]	 [-1.837900e-01 -1.513156e-04  1.164562e+01]	
[-0.32255733 -0.02887599 13.106168  ]	 [-0.3680512 -0.07385   13.103    ]	
[-1.6960329e-01 -1.0285065e-02  1.3168818e+01]	 [-1.628373e-01 -4.026680e-03  1.313442e+01]	
[-0.44113564  0.04861756 11.695832  ]	 [-0.4454457   0.05934469 11.59515   ]	
[0.06046096 0.05950482 9.973812  ]	 [ 0.02815306  0.05674306 10.06455   ]	
[-1.4917326   0.15115221  8.852973  ]	 [-1.251023   0.2845277  8.351099 ]	
[-0.4586519  -0.25013262  7.126276  ]	 [-0.1754726 -0.1147017  7.055726 ]	
[-1.6259422  0.3300578  5.7932177]	 [-1.350814  0.16752   4.715904]	
[ 0.05202859 -0.30442357  4.1234703 ]	 [ 0.1616646  -0.07558311  3.654338  ]	
[ 0.14751515 -0.06660977  2.6937351 ]	 [0.04879779 0.02690246 2.126635  ]	
[-1.4715202   0.05784972  4.199313  ]	 [-1.090131   -0.02959191  2.237341  ]	
[-2.1274045  0.7492617  3.4899967]	 [-0.4756314   0.00989423  1.030549  ]	
[-1.0728353   0.36994237  2.0719905 ]	 [ 0.03053604 -0.00100548 -0.00301821]	
[-0.72367704  0.19016676  2.1528163 ]	 [-0.4518524 -0.008384   1.34486  ]	
[-0.02048798  0.0163843   1.4837424 ]	 [-0.07470345 -0.0071091   1.450458  ]	
[-0.06549032 -0.01449911  2.9112434 ]	 [-0.07027006 -0.01689948  2.968711  ]	
[-0.33085716 -0.02560426  4.470889  ]	 [-0.3540859  -0.02649444  4.45166   ]	
[-1.1453434   0.02105124  5.4984026 ]	 [-1.271646   -0.04955453  5.514053  ]	
[-0.96490693 -0.087732    7.125637  ]	 [-0.8358362 -0.0440117  7.142533 ]	
[-0.9988893 -0.0538054  8.780099 ]	 [-1.042183   -0.06346974  8.608636  ]	
[-1.2720363  -0.01841305  8.67347   ]	 [-1.279543   -0.02521805  8.567991  ]	
[-1.2674499 -0.030977   8.465406 ]	 [-1.264943   -0.02053021  8.552264  ]	
[-1.0596471e+00 -6.9598407e-03  8.6028004e+00]	 [-1.071219   -0.01366982  8.584243  ]	
[-1.046985   -0.09290354 10.162608  ]	 [-1.084577   -0.06973839 10.03318   ]	
[-1.26311   -0.0666701 11.462989 ]	 [-1.266603   -0.09053489 11.46951   ]	
[-1.0984261  -0.08679669 12.999869  ]	 [-1.087061  -0.0955575 13.05781  ]	
[ 0.16282934  0.10616608 11.5777    ]	 [ 0.1975458   0.05388807 11.62446   ]	
[ 1.265584   0.0593325 10.402816 ]	 [ 1.215781    0.07392441 10.28024   ]	
[ 1.4241035 -0.0462402  9.988349 ]	 [ 1.467322   -0.07671599  9.979987  ]	
[0.8665944  0.05957015 8.487575  ]	 [0.8506913  0.04815442 8.567787  ]	
[ 0.8491173 -0.0702524 10.000654 ]	 [ 0.8245237  -0.06123991 10.01456   ]	
[ 1.0779961  -0.07595782 11.4838915 ]	 [ 1.079605   -0.08592727 11.4721    ]	
[ 1.0216529  -0.07953386 13.009764  ]	 [ 1.043355   -0.09344386 12.98433   ]	
[ 1.035067    0.04891028 11.783296  ]	 [ 1.052123    0.03498115 11.62146   ]	
[ 1.3298638e+00 -8.5468739e-03  1.0201829e+01]	 [ 1.390278    0.02053066 10.30454   ]	
[ 0.82518965  0.01522781 10.090144  ]	 [ 8.224006e-01 -4.495330e-03  1.023969e+01]	
[ 1.0583389  -0.02190058 10.140712  ]	 [ 1.096309  -0.0192679 10.1706   ]	
[ 1.4304979  -0.03916751 10.033823  ]	 [ 1.446597   -0.03547733 10.06275   ]	
[1.6287671 0.0180604 8.779014 ]	 [1.646321e+00 7.174946e-03 8.752287e+00]	
[1.6613197  0.01216175 8.675804  ]	 [ 1.643159   -0.03300504  8.628713  ]	
[ 1.6996863  -0.03209458  8.573992  ]	 [ 1.709331   -0.03661121  8.5782    ]	
[ 1.6159180e+00 -5.3165853e-04  8.5280676e+00]	 [ 1.616671   -0.03315637  8.592677  ]	
[ 1.7694318  -0.09128372 10.00851   ]	 [ 1.798209   -0.09290324  9.888298  ]	
[1.6171088  0.06317307 8.830334  ]	 [1.617512e+00 3.122538e-03 8.720347e+00]	
[ 1.0060592  -0.05729298 10.2527275 ]	 [ 1.020898   -0.06168307 10.21828   ]	
[ 0.83895314 -0.07287936 11.703616  ]	 [ 0.8134198  -0.07666653 11.75089   ]	
[ 0.21653813 -0.05002145 13.241277  ]	 [ 0.1938829  -0.07441715 13.27582   ]	
[ 0.16445297 -0.08056645 14.855054  ]	 [ 0.138454   -0.08411308 14.77895   ]	
[-0.19861805 -0.07433622 16.328697  ]	 [-0.2003083  -0.09337246 16.26455   ]	
[-0.61934793  0.06791218 14.902152  ]	 [-0.5675359   0.07088937 14.71215   ]	
[-0.0206716   0.06934793 13.185941  ]	 [-0.03343725  0.07463424 13.20293   ]	
[ 0.22407818  0.01408787 12.641896  ]	 [2.293649e-01 3.406443e-04 1.313696e+01]	
[-0.6086738   0.02000757 12.845967  ]	 [-6.597500e-01 -1.222393e-02  1.303836e+01]	
[ 0.01716394  0.10554756 11.430203  ]	 [4.166603e-03 6.324127e-02 1.153468e+01]	
[-0.02686232  0.09647627  9.901213  ]	 [ 0.05301142  0.0562752  10.00305   ]	
[-0.99268496 -0.0732495  11.204109  ]	 [-1.085949   -0.06947604 10.70516   ]	
[-1.0827143  -0.11205797 12.178559  ]	 [-1.061689  -0.1047972 12.57038  ]	
[-1.0496259   0.04370226 11.27999   ]	 [-1.034782    0.03527315 11.22696   ]	
[-0.89477     0.02357812  9.711329  ]	 [-0.8754807   0.04531711  9.634876  ]	
[-0.8335837 -0.0158584  9.572228 ]	 [-8.164713e-01 -8.119076e-03  9.584682e+00]	
[-1.035692   -0.03554414  9.487767  ]	 [-1.10461    -0.01945857  9.510923  ]	
[-1.2543937   0.01548688  8.066366  ]	 [-1.297772    0.01619497  8.059785  ]	
[-1.2082455  -0.07045887  9.571925  ]	 [-1.165689   -0.06432302  9.469774  ]	
[-1.0700661  -0.03857265 10.961167  ]	 [-1.066993   -0.07965045 11.01078   ]	
[-0.28398558 -0.07213192 12.574998  ]	 [-0.3140941  -0.07034715 12.55494   ]	
[ 0.19071579 -0.06558137 14.05304   ]	 [ 0.2005126 -0.0805164 14.03925  ]	
[6.6629124e-01 4.6653301e-03 1.4027427e+01]	 [ 0.6712492  -0.01453008 13.99723   ]	
[ 0.5016848   0.09149273 12.577805  ]	 [ 0.5679669  0.0622367 12.49269  ]	
[ 0.81760347 -0.0820667  13.951633  ]	 [ 0.8083336  -0.08534173 13.89306   ]	
[ 5.9951758e-01 -2.4068207e-03  1.4046756e+01]	 [ 5.900064e-01 -1.059665e-02  1.392461e+01]	
[ 0.87447226 -0.02425425 13.966565  ]	 [ 0.857571   -0.01701548 13.86305   ]	
[ 0.9502665   0.05692591 12.517352  ]	 [ 0.9719572   0.04413997 12.43473   ]	
[ 0.97883093  0.05376484 11.019265  ]	 [ 0.9654477   0.04631454 10.85004   ]	
[ 0.7563882  -0.06430469 12.218018  ]	 [ 0.7374668  -0.07025286 12.2187    ]	
[ 0.61204505 -0.06985347 13.727555  ]	 [ 0.6086974  -0.08466332 13.73338   ]	
[ 0.27907515  0.06795038 12.3365755 ]	 [ 0.2553992   0.06457769 12.24368   ]	
[-5.9560227e-01  3.6612302e-03  1.0767987e+01]	 [-0.5862677   0.04737899 10.75434   ]	
[-1.11062     0.02509154  9.23988   ]	 [-1.133595e+00  8.181520e-03  9.265418e+00]	
[-1.2133244  -0.03658108  9.249524  ]	 [-1.225488   -0.01892154  9.15764   ]	
[-1.2281126  -0.03845029 10.643078  ]	 [-1.228004   -0.07889704 10.63593   ]	
[-0.749514   -0.06374203 12.233899  ]	 [-0.7419146  -0.07641573 12.20938   ]	
[ 0.4938016  -0.09174256 13.629056  ]	 [ 0.4439309  -0.06967562 13.40239   ]	
[ 0.8029427  -0.02007382 13.434039  ]	 [ 0.7941574  -0.02418449 13.53117   ]	
[ 1.5402086 -0.0212789 13.529465 ]	 [ 1.383472   0.1135715 13.33197  ]	
[ 1.5398569  -0.01869909 12.596137  ]	 [ 1.462034    0.02167544 12.47948   ]	
[ 0.83463866 -0.03714405 11.146466  ]	 [ 0.8685083 -0.034692  11.17198  ]	
[-0.16435084  0.07042904  9.5994005 ]	 [-0.182143    0.07721676  9.658403  ]	
[-0.31517512 -0.06141911 11.196018  ]	 [-0.3294334  -0.06234602 11.07747   ]	
[-0.2541459 -0.0589209 12.608985 ]	 [-0.2450266  -0.07193009 12.58422   ]	
[-0.5728886   0.06219269 11.212741  ]	 [-0.5707924   0.05185821 11.06278   ]	
[-1.1799932  -0.01407467  9.6814575 ]	 [-1.243601    0.03095673  9.67291   ]	
[-1.1115261  -0.05176876  9.546587  ]	 [-1.097466   -0.01451198  9.545022  ]	
[-1.0267279   0.03375061  8.072069  ]	 [-1.053903   0.0306482  8.033411 ]	
[-1.3106686  -0.08248679  9.566198  ]	 [-1.333094  -0.0734165  9.411749 ]	
[-1.1501479  0.0466591  8.196515 ]	 [-1.087586    0.02783144  7.955457  ]	
[-1.1939343  -0.07230745  9.443936  ]	 [-1.207064   -0.06699181  9.359976  ]	
[-1.1143728  -0.08047388 10.926988  ]	 [-1.136105  -0.0808134 10.89549  ]	
[-0.8897654  -0.06852041 12.506955  ]	 [-0.8990564  -0.08379985 12.43981   ]	
[-0.74114645 -0.07838385 13.99034   ]	 [-0.7387929  -0.08908763 13.94853   ]	
[-0.27518678 -0.08441739 15.540206  ]	 [-0.2667699  -0.08793344 15.44998   ]	
[-0.25181073 -0.0899518  16.982702  ]	 [-0.2606325  -0.09774749 16.93255   ]	
[-0.5081459  -0.09543602 18.409487  ]	 [-0.5572996 -0.1129873 18.39455  ]	
[-0.03250515  0.14608319 16.86658   ]	 [9.546280e-04 8.933255e-02 1.690259e+01]	
[-0.34053537  0.09919937 15.39944   ]	 [-0.3545423   0.08293157 15.33979   ]	
[-1.129195   -0.02500521 14.32669   ]	 [-1.155113   0.2393971 14.22786  ]	
[ 0.38083845  0.14962073 13.329993  ]	 [ 0.09960556 -0.04194465 12.91298   ]	
[ 0.7496079   0.18393584 11.070552  ]	 [ 0.7827673   0.07459697 11.29714   ]	
[-1.5786469  0.1610424 10.522339 ]	 [-1.135799   0.5451902  9.317144 ]	
[-1.5376067  -0.16442628  8.8668165 ]	 [-0.9912221  0.3062409  8.742142 ]	
[-0.02994772 -0.12917136  7.4756794 ]	 [1.222215  0.3566457 8.072021 ]	
[-0.07953987  0.01472314  7.079051  ]	 [ 0.5661758  -0.03458142  6.979902  ]	
[-0.5463629  -0.31611514  5.686286  ]	 [-0.5084931 -0.3779435  6.252847 ]	
[ 1.2668881  -0.08621357  4.9811745 ]	 [0.7831848 0.1084066 4.712292 ]	
[ 7.9419926e-02 -3.6150962e-03  3.7472031e+00]	 [0.2337381  0.02304208 3.269655  ]	
[ 0.05283342 -0.00760838  1.4729451 ]	 [ 0.06238383 -0.00714161  1.46279   ]	
[ 3.9047796e-02 -2.4543554e-03  3.0240526e+00]	 [ 0.02627268 -0.01686494  2.979536  ]	
[-0.21354535 -0.0329511   4.505995  ]	 [-0.2291374  -0.02603707  4.459055  ]	
[-0.01034681 -0.03937121  5.914221  ]	 [-0.03357536 -0.0336835   5.964512  ]	
[ 0.85006315 -0.01582216  7.303685  ]	 [ 0.8419907  -0.05205859  7.213757  ]	
[ 1.2683637  -0.05198829  8.695456  ]	 [ 1.253943   -0.07031013  8.619213  ]	
[ 0.58428776 -0.04478274 10.204604  ]	 [ 0.5648212  -0.05911205 10.21326   ]	
[-0.19242    -0.04437988 11.785968  ]	 [-0.1859965  -0.06718726 11.69806   ]	
[-8.7258148e-01  5.5201352e-04  1.1560866e+01]	 [-0.8306625  -0.01830953 11.6268    ]	
[-1.1251659  0.0251921 10.2389345]	 [-1.120589    0.02628613 10.21439   ]	
[-0.3950122  -0.08027898 11.625609  ]	 [-0.3794544  -0.05751719 11.5486    ]	
[ 0.81254715  0.08449353 10.282746  ]	 [ 0.7625      0.05279946 10.10707   ]	
[ 1.4575098  -0.05023186  9.812518  ]	 [ 1.450267   -0.04626679  9.773432  ]	
[ 1.0839257  -0.09306018 11.344926  ]	 [ 1.085056   -0.07436829 11.30237   ]	
[ 1.1833498  -0.08623986 12.669369  ]	 [ 1.189795  -0.0934023 12.70559  ]	
[ 0.7080852  -0.08932535 14.292972  ]	 [ 0.7083468  -0.09139485 14.34226   ]	
[ 0.72216016 -0.08934037 15.799028  ]	 [ 0.7336998 -0.1015497 15.82143  ]	
[3.26252341e-01 4.48592007e-03 1.58580885e+01]	 [ 3.362532e-01 -5.954981e-03  1.585037e+01]	
[ 0.21294367  0.07794781 14.355244  ]	 [ 0.1725554   0.07843808 14.35773   ]	
[ 0.3720947   0.07077129 12.89409   ]	 [ 0.3495874   0.06913668 12.81151   ]	
[ 1.0363271  0.0593455 11.303183 ]	 [ 1.005406   0.0195026 11.48466  ]	
[ 1.517432    0.14358737 10.269469  ]	 [ 1.57079     0.07204805 10.22853   ]	
[ 1.3953679  -0.05090712 10.063257  ]	 [ 1.424542   -0.05880184 10.00671   ]	
[1.2922324  0.05840768 8.548877  ]	 [1.30143    0.03043405 8.578663  ]	
[ 1.4584103  -0.01770853  8.346737  ]	 [ 1.491419   -0.02904242  8.428107  ]	
[ 1.4903896  -0.09060143  9.798774  ]	 [ 1.506915   -0.08311129  9.887619  ]	
[ 1.3913639  -0.08489947 11.352376  ]	 [ 1.419611   -0.09471666 11.40479   ]	
[ 0.29799676 -0.08266507 12.965551  ]	 [ 0.327342   -0.06980927 12.93588   ]	
[-1.2280576  0.0931312 11.733745 ]	 [-0.8652451  0.1011419 11.70079  ]	
[-1.2058188e+00 -5.3071231e-03  1.0247664e+01]	 [-1.244216   -0.04419396 10.35103   ]	
[-1.0657578   0.05961545  8.781957  ]	 [-1.108734    0.04063272  8.923101  ]	
[-0.96379256 -0.05706327 10.424125  ]	 [-0.953438   -0.06665584 10.43323   ]	
[-1.2993896e+00  2.7738959e-03  1.0343032e+01]	 [-1.326304  -0.0329318 10.35113  ]	
[-1.3237883e+00 -4.0532202e-03  1.0479878e+01]	 [-1.316564   -0.02770909 10.32979   ]	
[-1.2192197  -0.01513188 10.408122  ]	 [-1.220584  -0.0230134 10.32766  ]	
[-1.2261003   0.01436199  8.939973  ]	 [-1.258746    0.02273472  8.886632  ]	
[-1.23315    -0.07386182 10.290133  ]	 [-1.222739   -0.07292079 10.26699   ]	
[-1.4639539  -0.08199935 11.585837  ]	 [-1.467742   -0.09456572 11.53743   ]	
[-0.783865   -0.03673224 11.735307  ]	 [-7.086692e-01 -9.481687e-03  1.177230e+01]	
[ 0.45548254  0.11950327 10.067891  ]	 [ 0.4408956   0.04431345 10.2711    ]	
[0.8478711  0.05689405 8.817653  ]	 [1.228219   0.01474868 8.778493  ]	
[ 1.268826   -0.04371797 10.053569  ]	 [ 1.257055   -0.07237086 10.10924   ]	
[ 1.4557648  -0.01935844 10.027575  ]	 [ 1.438722   -0.03418931 10.07098   ]	
[1.6432066 0.0471871 8.652547 ]	 [1.696076   0.02929556 8.752835  ]	
[ 1.5156571e+00 -1.6234368e-03  7.3597107e+00]	 [ 1.546099  -0.0091401  7.377057 ]	
[ 1.8517487  -0.03945319  8.635042  ]	 [ 1.800924   -0.07775644  8.619241  ]	
[1.7040393  0.03483249 7.470598  ]	 [ 1.703014e+00 -1.631416e-03  7.367651e+00]	
[ 1.9971461  -0.06372474  8.741308  ]	 [ 1.921947   -0.08670933  8.641047  ]	
[1.7361392  0.02427246 7.484083  ]	 [ 1.722360e+00 -1.710653e-04  7.399482e+00]	
[ 1.8322862  -0.07520173  8.654637  ]	 [ 1.854107   -0.08475935  8.716619  ]	
[ 2.0477133  -0.05675201  8.839386  ]	 [ 2.026397   -0.05770985  8.711159  ]	
[1.8148495e+00 2.0344555e-04 8.8233366e+00]	 [ 1.796977   -0.03953866  8.778205  ]	
[ 1.9206681  -0.04460709  9.960586  ]	 [ 1.899508   -0.09683259 10.06882   ]	
[1.9532919  0.10933746 9.16368   ]	 [2.053058   0.08018948 9.025769  ]	
[ 1.5575179  -0.03547578  7.9531355 ]	 [ 1.577975   -0.07631584  7.741542  ]	
[0.990049   0.05428459 6.280904  ]	 [1.328223   0.03113557 6.2405    ]	
[1.066186   0.15122084 7.5051384 ]	 [ 1.541754   -0.06633999  7.633568  ]	
[ 1.7171973  -0.08643703  9.074897  ]	 [ 1.721616   -0.08837537  9.085088  ]	
[ 1.9841428  -0.14985113 10.449079  ]	 [ 1.928183  -0.1004492 10.24289  ]	
[ 1.2993469  -0.08579277 11.949464  ]	 [ 1.335603   -0.09905071 12.1591    ]	
[ 0.96889865 -0.08939986 13.6683    ]	 [ 0.9884474  -0.09409319 13.71423   ]	
[9.4438630e-01 1.8516332e-03 1.3764571e+01]	 [ 0.9502647  -0.02216744 13.74623   ]	
[ 0.86274356  0.04840268 13.536981  ]	 [ 0.8718414  -0.01564941 13.74172   ]	
[-0.12163436  0.02394004 13.703517  ]	 [-1.164705e-01  1.326557e-04  1.370620e+01]	
[-0.9863509   0.09383877 12.440611  ]	 [-1.026516   0.0760667 12.4893   ]	
[-1.5007793   0.02129258 11.264314  ]	 [-1.45521     0.03000446 11.26482   ]	
[-1.5007993  -0.01677577  9.953567  ]	 [-1.50378    -0.04518679  9.89255   ]	
[-0.5152316 -0.5515829  9.759604 ]	 [-0.9234459   0.04638188  8.398605  ]	
[-0.93307775 -0.06534879  9.900257  ]	 [-0.9627919  -0.06369736  9.82747   ]	
[-1.051888   -0.05339353 11.324147  ]	 [-1.061985   -0.08291398 11.32503   ]	
[-0.7806184  -0.06811945 12.907855  ]	 [-0.7860141  -0.08295185 12.86107   ]	
[-0.518859   -0.07545178 14.408084  ]	 [-0.5064964 -0.0857373 14.36749  ]	
[-0.24188021 -0.07876198 15.808578  ]	 [-0.2664685 -0.0911346 15.87033  ]	
[ 0.03476262 -0.08882146 17.377218  ]	 [ 0.042243   -0.09834117 17.34807   ]	
[-0.176305    0.01858075 17.306467  ]	 [-1.465688e-01 -5.233660e-03  1.735719e+01]	
[ 0.0984599  0.0830905 15.935924 ]	 [ 0.09010887  0.08684477 15.83545   ]	
[-0.0235756   0.07072951 14.2327385 ]	 [-0.04159498  0.08053637 14.29629   ]	
[-0.1501059   0.06721379 12.724139  ]	 [-0.1745286   0.07115356 12.7696    ]	
[ 1.1286814   0.15208544 11.615547  ]	 [ 1.002728   0.2238963 11.40671  ]	
[ 1.4228013   0.01810153 10.211207  ]	 [ 1.433587   -0.03133109 10.4532    ]	
[1.3281835  0.05597912 8.996042  ]	 [ 1.59921   -0.1995842  9.382898 ]	
[0.8906756  0.06124894 7.8812456 ]	 [0.883625   0.07462577 7.885805  ]	
[ 0.1399014 -0.068803   9.331382 ]	 [ 0.1673486 -0.049184   9.357391 ]	
[-0.38711488 -0.06568621 10.85464   ]	 [-0.3881683  -0.06560308 10.82163   ]	
[-0.40559593 -0.07756709 12.327174  ]	 [-0.421205   -0.07303022 12.30942   ]	
[-0.44749388 -0.06770353 13.835547  ]	 [-0.4313107  -0.08167604 13.79365   ]	
[-0.02536881 -0.07881241 15.3029375 ]	 [-0.02319527 -0.08606548 15.28373   ]	
[ 0.42727768  0.02120288 15.253886  ]	 [ 4.266057e-01 -8.532256e-03  1.525724e+01]	
[ 0.72195333 -0.02388375 15.288062  ]	 [ 7.370520e-01 -1.376049e-02  1.520337e+01]	
[ 0.7819516   0.06195845 13.887746  ]	 [ 0.7764835   0.06181034 13.70377   ]	
[ 0.40704644 -0.10196011 15.151796  ]	 [ 0.3919926  -0.08073303 15.16438   ]	
[ 0.88871443 -0.10673003 16.392277  ]	 [ 0.9330454  -0.08736111 16.1807    ]	
[ 0.56459415  0.07957084 14.819919  ]	 [ 0.5689919   0.06594567 15.10149   ]	
[-0.494408   -0.09676115 16.14431   ]	 [-0.5175869  -0.08204656 16.23125   ]	
[ 0.11360121  0.02909191 16.294146  ]	 [ 1.641431e-01 -7.929780e-03  1.634737e+01]	
[ 0.6840531  -0.08509938 17.683376  ]	 [ 0.7299728 -0.1028057 17.64573  ]	
[-0.302919   -0.06352489 18.778143  ]	 [-0.3199899  -0.09409818 18.93481   ]	
[-0.6389094  0.3006143 17.578821 ]	 [-0.7673588   0.06128086 17.696     ]	
[ 0.73379815  0.5235016  17.574553  ]	 [ 0.690021   0.5075349 17.04817  ]	
[ 0.35578823 -0.6127921  16.30453   ]	 [ 0.7172379 -0.6639574 16.31569  ]	
[-0.07183332 -0.00653809  1.4764318 ]	 [-0.07630572 -0.00724088  1.480058  ]	
[-0.03070526 -0.01502696  3.0161448 ]	 [-0.0344123  -0.01699736  2.997946  ]	
[ 0.08048271 -0.02381395  4.5103207 ]	 [ 0.09567589 -0.02562225  4.491768  ]	
[-0.41026285 -0.02594157  5.9880724 ]	 [-0.4408246 -0.036734   5.933196 ]	
[-0.15988985 -0.03921025  7.4790173 ]	 [-0.140263   -0.04203917  7.44835   ]	
[-0.20491233 -0.03378414  8.953701  ]	 [-0.200537   -0.05126715  8.933023  ]	
[-0.05344575 -0.05062692 10.468662  ]	 [-0.06266922 -0.05899538 10.42939   ]	
[-0.18103433 -0.06439482 11.921638  ]	 [-0.176483   -0.06824196 11.92219   ]	
[-0.32317725 -0.06325142 13.431943  ]	 [-0.3366632 -0.0783781 13.39239  ]	
[-0.5435779  -0.08363132 14.881148  ]	 [-0.5350158  -0.09108549 14.87011   ]	
[-0.35624993 -0.10380308 16.444317  ]	 [-0.3550892  -0.09537172 16.35182   ]	
[-2.2731078e-01 -4.4748187e-05  1.6437778e+01]	 [-2.378469e-01 -5.359855e-03  1.636520e+01]	
[-0.8381381  -0.12046747 17.519928  ]	 [-0.8692412  -0.08555667 17.31989   ]	
[-0.56003505  0.18027015 15.846352  ]	 [-0.5771174   0.07047363 16.15115   ]	
[-0.03287291  0.0549453  14.501687  ]	 [-0.06774473  0.08374    14.60578   ]	
[-0.8474113   0.08080097 13.245362  ]	 [-0.8926334   0.08303922 13.4501    ]	
[-0.4621752  0.0774978 13.054316 ]	 [-2.823400e-01  2.309285e-03  1.312197e+01]	
[ 8.3062607e-01 -6.8642348e-03  1.3020539e+01]	 [ 0.8681793  -0.02667309 12.95524   ]	
[ 0.05747188  0.05602755 11.463028  ]	 [-0.0214839   0.06262134 11.44768   ]	
[1.3875368  0.85956424 9.296193  ]	 [1.707506  0.7588274 8.847291 ]	
[ 0.0458349 -0.4113515  8.815421 ]	 [-0.8476421  0.3682221  8.297878 ]	
[-2.8093293   0.24418087  7.598153  ]	 [-2.692446   0.1198767  7.050989 ]	
[1.4574889 1.3045911 6.864416 ]	 [1.151748 1.682326 6.126163]	
[ 0.40049407 -0.06137159  1.6870985 ]	 [ 0.1916307  -0.00704933  1.421734  ]	
[ 0.24164963 -0.04278788  3.0261574 ]	 [ 0.2831575  -0.01700497  2.92718   ]	
[ 0.5540759  -0.02548195  4.447449  ]	 [ 0.523836   -0.02719106  4.399153  ]	
[ 1.2982428  -0.01847927  5.7221365 ]	 [ 1.199614   -0.04772241  5.671495  ]	
[ 1.1631767  -0.04184334  7.3498135 ]	 [ 1.112154   -0.05184874  7.242656  ]	
[ 1.6407324  -0.06877558  8.534586  ]	 [ 1.640949   -0.08190697  8.502986  ]	
[ 1.8774718  -0.10673462  9.836615  ]	 [ 1.867537   -0.09921181  9.85071   ]	
[1.8011897  0.05801667 8.764374  ]	 [1.839187   0.01235991 8.897338  ]	
[ 1.878942   -0.09006111 10.134081  ]	 [ 1.878164  -0.1002407 10.19771  ]	
[2.0181022  0.08351834 9.113407  ]	 [2.021833   0.08025423 9.131649  ]	
[ 1.8775233  -0.04084347  7.990983  ]	 [ 1.960824   -0.04096785  7.900378  ]	
[ 1.5360599  -0.03671889  6.659398  ]	 [1.550840e+00 3.917821e-03 6.577434e+00]	
[1.0998533  0.01777051 4.9982433 ]	 [1.096355   0.02672451 5.156418  ]	
[ 1.0998611  -0.03652494  6.565567  ]	 [ 1.135371   -0.04616433  6.617414  ]	
[ 1.1883717  -0.04533736  8.25171   ]	 [ 1.166664  -0.0614503  8.136868 ]	
[ 1.227606  -0.0659083  9.617414 ]	 [ 1.22514    -0.07482085  9.651623  ]	
[ 1.4193051  -0.08483855 11.01275   ]	 [ 1.414519   -0.09189513 11.05758   ]	
[ 1.5611694  0.0253358 10.003714 ]	 [1.557867  0.0240064 9.887491 ]	
[ 1.8094022  -0.06379567  9.666452  ]	 [ 1.839208   -0.08079714  9.743398  ]	
[1.7932404  0.03582712 8.392409  ]	 [ 1.779664e+00 -4.182369e-03  8.441006e+00]	
[ 1.8693155 -0.0640621  8.272228 ]	 [ 1.861913   -0.03979513  8.26118   ]	
[ 1.8536061e+00 -3.9778203e-03  8.2600441e+00]	 [ 1.855396   -0.04354696  8.243587  ]	
[ 1.8780020e+00 -3.4729093e-03  8.1965570e+00]	 [ 1.891485   -0.04532732  8.212825  ]	
[ 1.8676293  -0.01737492  8.227751  ]	 [ 1.858781   -0.04318347  8.20899   ]	
[ 1.6606455  -0.09948473  9.857889  ]	 [ 1.658551   -0.08577971  9.759879  ]	
[ 1.1150082  -0.06167214 11.41594   ]	 [ 1.136974   -0.08187555 11.42127   ]	
[ 0.3520487  -0.06994168 12.942094  ]	 [ 0.3555977  -0.07257376 12.95186   ]	
[-0.14261463 -0.07899182 14.463517  ]	 [-0.1824083  -0.08291491 14.44172   ]	
[-1.4199680e-01 -1.0017604e-03  1.4572827e+01]	 [-1.473090e-01 -4.182854e-03  1.444884e+01]	
[7.0513701e-01 7.4921399e-03 1.4397543e+01]	 [ 7.186575e-01 -1.424299e-02  1.433984e+01]	
[ 1.2770586  0.1258368 13.309446 ]	 [ 1.296249    0.09168243 13.26901   ]	
[ 1.5964193  0.0533032 12.303386 ]	 [ 1.569694    0.04549435 12.30399   ]	
[ 0.9373848   0.01682819 10.941793  ]	 [ 0.8819981   0.02853667 10.86302   ]	
[0.4515972  0.07789715 9.277656  ]	 [0.473506   0.05883098 9.361855  ]	
[ 0.7373376  -0.06715618 10.791162  ]	 [ 0.7008033  -0.06519175 10.76863   ]	
[ 1.1158743  -0.08000337 12.195338  ]	 [ 1.125158   -0.08857214 12.10027   ]	
[ 0.8405534   0.03998174 10.897979  ]	 [ 0.8414092   0.04384218 10.76671   ]	
[ 0.798187   -0.08399926 12.236908  ]	 [ 0.7970018  -0.07298914 12.17653   ]	
[ 0.91235274 -0.07511823 13.663156  ]	 [ 0.9203224  -0.09449963 13.67362   ]	
[ 1.1203288  -0.10497408 14.947898  ]	 [ 1.089561  -0.1020294 14.98341  ]	
[ 0.9563618   0.04704113 13.789404  ]	 [ 0.9640527   0.04684489 13.71821   ]	
[ 0.42145413 -0.10460655 15.132007  ]	 [ 0.3927679 -0.0790935 15.13747  ]	
[ 1.0474281  -0.10497729 16.319529  ]	 [ 1.006902   -0.02253006 15.99327   ]	
[ 0.76704323  0.07274707 14.879732  ]	 [ 0.7758045   0.03152674 14.8995    ]	
[-0.56366336  0.15642644 13.509255  ]	 [-0.6054578   0.09512372 13.71256   ]	
[-0.5333466  -0.06503575 14.908821  ]	 [-0.6307995  -0.08921705 14.80686   ]	
[-0.36582392  0.06205954 13.370547  ]	 [-0.3476741   0.07120097 13.33542   ]	
[-1.2807751   0.13439412 12.123731  ]	 [-1.182116   0.1888388 12.16807  ]	
[-0.87661064 -0.06980596 10.81947   ]	 [-0.8728428  -0.04466553 10.84384   ]	
[-0.4273743   0.04274471  9.310501  ]	 [-0.4738748   0.06664792  9.30262   ]	
[-0.67436016 -0.06140999 10.772878  ]	 [-0.6811924  -0.06498528 10.7128    ]	
[-0.09774625 -0.07176451 12.245046  ]	 [-0.1064     -0.06891365 12.22565   ]	
[ 0.70194227 -0.07840054 13.640363  ]	 [ 0.6808572  -0.08423361 13.56771   ]	
[-0.08356503 -0.10096793 15.257725  ]	 [-0.1409564  -0.08854156 15.11591   ]	
[-1.0749869   0.13563402 13.975406  ]	 [-1.070477  0.173471 14.04764 ]	
[-9.5237708e-01 -1.1767194e-02  1.2759763e+01]	 [-0.981544  -0.0487681 12.66588  ]	
[-0.73428977  0.07902522 11.277006  ]	 [-0.8100834   0.06687522 11.14139   ]	
[-1.0078344   0.05183329  9.610141  ]	 [-1.032661    0.03272911  9.622071  ]	
[-0.83392465 -0.06009726 11.104882  ]	 [-0.7981219  -0.06375673 10.97145   ]	
[-0.73073804 -0.05837511 12.481873  ]	 [-0.7357149  -0.08023807 12.4946    ]	
[-9.9435538e-01 -3.2209605e-03  1.2468524e+01]	 [-1.007451   -0.02398508 12.46132   ]	
[-1.0160179  -0.04826157 12.488469  ]	 [-1.032462  -0.0208726 12.43677  ]	
[-1.1444623   0.03425236 11.171849  ]	 [-1.153206    0.02829364 11.07362   ]	
[-1.3625627  -0.08967547 12.222718  ]	 [-1.368754   -0.08920585 12.23107   ]	
[-1.3482358   0.03792949 11.129946  ]	 [-1.229464    0.02448915 11.00549   ]	
[-0.5640056  -0.07430618 12.405961  ]	 [-0.5367954  -0.06541388 12.43774   ]	
[ 0.10103476 -0.06978922 13.944749  ]	 [ 0.0829668  -0.07907195 13.94258   ]	
[ 0.06362987 -0.07705729 15.458336  ]	 [ 0.06347513 -0.08763861 15.42663   ]	
[ 0.36837083 -0.08902459 16.872591  ]	 [ 0.3880677  -0.09969642 16.89525   ]	
[ 5.1389146e-01 -7.6032132e-03  1.7005428e+01]	 [ 4.879532e-01 -1.015595e-02  1.688440e+01]	
[ 0.55798036  0.08176894 15.450324  ]	 [ 0.5615882   0.07674117 15.35775   ]	
[ 0.17393327  0.017657   15.08426   ]	 [1.644722e-01 2.416917e-03 1.530157e+01]	
[-0.8212192   0.10587759 14.080306  ]	 [-0.8013661   0.08694243 14.11548   ]	
[-0.26573712  0.13020058 12.491897  ]	 [-7.789612e-03  6.979817e-02  1.236379e+01]	
[ 1.0331527   0.11730804 11.088673  ]	 [ 1.079746    0.07320355 11.1348    ]	
[ 1.2492856  -0.03579287 10.857487  ]	 [ 1.2585     -0.05257914 10.82949   ]	
[1.1527393  0.05219175 9.360196  ]	 [1.164856   0.03729138 9.334085  ]	
[ 1.1896017  -0.05874912 10.723016  ]	 [ 1.19311    -0.07723668 10.7747    ]	
[1.5536509  0.03235413 9.5828085 ]	 [1.54178    0.05288669 9.531124  ]	
[1.3339857  0.01672663 8.058561  ]	 [1.292798e+00 5.649261e-03 8.080842e+00]	
[ 1.5034845  -0.06422471  9.427518  ]	 [ 1.512987   -0.07300571  9.41542   ]	
[ 1.6535968  -0.10343908 10.76434   ]	 [ 1.653952   -0.09848337 10.79611   ]	
[1.5859299 0.0296215 9.7439165]	 [1.606674e+00 7.240772e-04 9.765271e+00]	
[1.3873703  0.04420717 8.344977  ]	 [1.38401    0.02201729 8.278535  ]	
[ 1.6049986  -0.06983607  9.555761  ]	 [ 1.601704  -0.0811981  9.574837 ]	
[ 1.9401133  -0.12470226 10.650615  ]	 [ 1.884904   -0.09825391 10.5597    ]	
[1.829203   0.03442259 9.711667  ]	 [1.821789   0.02015179 9.613257  ]	
[1.4195077  0.01146187 8.310631  ]	 [1.392408   0.01613113 8.249403  ]	
[ 1.6204767  -0.07572107  9.570724  ]	 [ 1.624033  -0.0796731  9.560528 ]	
[ 1.8393127  -0.02041887  9.669677  ]	 [ 1.85764    -0.05584615  9.576283  ]	
[ 1.7692782  -0.10326646 10.856013  ]	 [ 1.81236   -0.1011769 10.92365  ]	
[ 1.9150257   0.07848586 10.049321  ]	 [1.90497    0.07666509 9.93331   ]	
[ 1.6840237  -0.03001456  8.846102  ]	 [ 1.706334   -0.06725834  8.663938  ]	
[0.846928   0.08097638 7.419716  ]	 [0.8149094  0.05090411 7.283592  ]	
[ 0.14719659 -0.04463242 10.3388195 ]	 [ 0.1727238 -0.0590008 10.32516  ]	
[-0.6206981  -0.05807917 11.74401   ]	 [-0.6357028  -0.07484654 11.72426   ]	
[-0.9389379  -0.08082907 13.128407  ]	 [-0.9905138  -0.09473139 13.16187   ]	
[-1.4883685   0.10601993 12.00561   ]	 [-1.255818    0.03606601 11.99373   ]	
[-1.3136572   0.02076717 10.596814  ]	 [-1.329152e+00  3.784820e-03  1.067541e+01]	
[-0.20283465 -0.0165901   1.405744  ]	 [-0.1926051  -0.00632915  1.317195  ]	
[-0.35839236 -0.01150666  3.010055  ]	 [-0.3334068  -0.01656666  2.81335   ]	
[-0.07506861 -0.11470975  4.148078  ]	 [-0.06732285 -0.02442904  4.327559  ]	
[-0.5796998  -0.02095594  5.8055363 ]	 [-0.6053083  -0.03771423  5.74476   ]	
[-0.7288168  -0.01697527  7.239418  ]	 [-0.7361019  -0.04653654  7.238276  ]	
[-0.97752345 -0.05101041  8.667186  ]	 [-0.9284041  -0.06058175  8.698071  ]	
[-0.97267294 -0.04903077 10.178827  ]	 [-0.9587731  -0.07077012 10.2065    ]	
[-1.1002285  -0.06654428 11.6708765 ]	 [-1.115461   -0.08759236 11.67105   ]	
[-1.2352846  -0.02212904 11.777549  ]	 [-1.230397   -0.03153533 11.67375   ]	
[-1.061815   -0.01170157 11.6736965 ]	 [-1.078766   -0.02051476 11.6817    ]	
[-1.1751397  -0.01193421 11.699326  ]	 [-1.180446   -0.02608582 11.64468   ]	
[-1.3168838  -0.04104768 11.735894  ]	 [-1.311161   -0.03224421 11.59398   ]	
[-1.096217   -0.05617397 12.896799  ]	 [-1.12214    -0.09243739 13.08491   ]	
[-1.4193474   0.06640871 11.946057  ]	 [-1.427679    0.08073795 12.021     ]	
[-1.38053370e+00 -9.96963680e-03  1.07841425e+01]	 [-1.376999   -0.04614887 10.68244   ]	
[-0.87193304  0.09071709  9.094694  ]	 [-0.8709009   0.05189389  9.141754  ]	
[-0.5894916  -0.05064408 10.671344  ]	 [-0.5734348  -0.05813854 10.5862    ]	
[-0.34355825 -0.05871092 12.122596  ]	 [-0.3658648  -0.07062726 12.07908   ]	
[ 0.06090927 -0.06199329 13.59233   ]	 [ 0.0686202  -0.07696787 13.57691   ]	
[ 0.19648373 -0.07500939 15.089859  ]	 [ 0.2088165  -0.08629614 15.06653   ]	
[6.7161155e-01 6.4422637e-03 1.5026408e+01]	 [ 0.6999826  -0.01622781 15.01824   ]	
[ 0.87902504 -0.01781218 14.940764  ]	 [ 0.8916647  -0.01962009 14.97544   ]	
[ 1.0146869e+00 -1.3605639e-02  1.4965714e+01]	 [ 1.010473   -0.02402431 14.9359    ]	
[ 8.0919915e-01 -5.0905198e-03  1.5052375e+01]	 [ 7.725692e-01 -1.264251e-02  1.493511e+01]	
[ 0.8459571   0.06788798 13.614312  ]	 [ 0.8197001   0.05763689 13.45817   ]	
[-0.3445496   0.05932625 13.213103  ]	 [-3.156606e-01 -7.078797e-04  1.330908e+01]	
[-1.0648972   0.08779784 11.891061  ]	 [-1.074904  0.050793 12.06214 ]	
[-1.3508782  -0.09152012 10.832021  ]	 [-1.449059    0.02396728 10.73968   ]	
[-1.4845994  -0.03511868  9.455457  ]	 [-1.556623   -0.03917386  9.395512  ]	
[-0.4554935  -0.73476326  9.95337   ]	 [-1.069975    0.03758912  7.899532  ]	
[-1.1264672  -0.07506882  9.379711  ]	 [-1.112601   -0.06285767  9.24621   ]	
[-1.6277858  -0.08031468 10.490209  ]	 [-1.612328   -0.08919187 10.32956   ]	
[-1.5267359   0.02012743  9.238737  ]	 [-1.675362e+00 -1.658708e-03  9.343057e+00]	
[-1.275921    0.02179427  8.062151  ]	 [-1.260588    0.02692276  7.862695  ]	
[-1.1843494  -0.07875799  9.470656  ]	 [-1.167814   -0.06441041  9.358808  ]	
[-1.6858053  -0.07824759 10.590957  ]	 [-1.679048   -0.08899219 10.33701   ]	
[-1.5509917  -0.06802838 11.767787  ]	 [-1.535938  -0.1073203 12.00284  ]	
[-0.8351149 -0.0755816 13.672576 ]	 [-0.8412349 -0.0905643 13.73437  ]	
[-0.8063555   0.04615994 12.3063965 ]	 [-0.822546    0.04962655 12.30353   ]	
[-1.0781506   0.04295637 10.869943  ]	 [-1.058881    0.03409694 10.86174   ]	
[-1.1509697  -0.02425359 10.732537  ]	 [-1.114212  -0.0179915 10.67863  ]	
[-1.0396804e+00 -9.6449107e-03  1.0579047e+01]	 [-1.074775   -0.01968254 10.66749   ]	
[-1.5627675  -0.09645347 11.684249  ]	 [-1.603941   -0.08795914 11.45887   ]	
[-2.3809385   0.14527602 10.820986  ]	 [-1.382749    0.01246291 10.54211   ]	
[-0.32898557  0.08786564  8.888311  ]	 [-0.2919679   0.05412025  9.012699  ]	
[ 4.2796123e-01 -1.6699284e-03  1.0404010e+01]	 [ 0.4095259 -0.0582809 10.39736  ]	
[ 0.8194815  -0.08508025 11.797797  ]	 [ 0.7882218 -0.0797156 11.84716  ]	
[ 1.2250738 -0.0391631 11.8799925]	 [ 1.173729   -0.03061491 11.77444   ]	
[ 1.414715   -0.02884381 11.701013  ]	 [ 1.41487    -0.03792407 11.69809   ]	
[1.4920018e+00 7.4076205e-03 1.0537301e+01]	 [1.471343e+00 3.321782e-03 1.047000e+01]	
[ 1.1688404 -0.0655071 11.857067 ]	 [ 1.191689   -0.08167666 11.86074   ]	
[ 1.314523   -0.09577529 13.216678  ]	 [ 1.32698   -0.0967577 13.14739  ]	
[ 1.0284779   0.06309326 11.945814  ]	 [ 1.051284    0.03892943 11.94443   ]	
[ 0.7897152  -0.09201537 13.395888  ]	 [ 0.7881023  -0.07978389 13.41462   ]	
[ 0.98015594 -0.08692162 14.875151  ]	 [ 1.001927  -0.0985182 14.77843  ]	
[-0.21723363  0.18754633 13.398216  ]	 [-0.2099522   0.05637592 13.48063   ]	
[-1.2854007e+00 -6.6332519e-04  1.3315741e+01]	 [-1.223552   0.1008721 13.16138  ]	
[-1.2645371 -0.0259537 12.179515 ]	 [-1.412241 -0.102162 12.32975 ]	
[-1.722809   0.0750124 11.23924  ]	 [-1.732164    0.04388592 11.06073   ]	
[-1.3426421e+00  4.2943507e-03  9.6405878e+00]	 [-1.335980e+00  4.017442e-03  9.598273e+00]	
[-0.6757976  0.0487224  8.123695 ]	 [-0.6930695   0.04884388  8.17732   ]	
[-1.0482552  -0.07910435  9.772896  ]	 [-1.116622   -0.06828994  9.526173  ]	
[-1.08327    -0.05614905 11.050645  ]	 [-1.097044   -0.08151049 11.05712   ]	
[-1.3261504  -0.03348856 11.075349  ]	 [-1.287998   -0.03276697 11.02763   ]	
[-1.2886385 -0.0852776 12.534419 ]	 [-1.295268   -0.09439579 12.47074   ]	
[-1.2593299   0.01356031 11.26917   ]	 [-1.241014    0.02287129 11.21823   ]	
[-1.2107939  -0.08073758 12.496451  ]	 [-1.212661   -0.08696274 12.51102   ]	
[-1.035961   -0.07517175 13.983292  ]	 [-1.037022  -0.1005874 14.07213  ]	
[-0.60500026 -0.08353285 15.721662  ]	 [-0.5846928  -0.09449525 15.61235   ]	
[ 0.14846343  0.10688861 14.280751  ]	 [ 0.1076989   0.07454323 14.15511   ]	
[ 0.90091896  0.10159679 12.9622555 ]	 [ 0.9183944   0.04284595 12.84164   ]	
[ 1.4304037  0.1182787 11.819312 ]	 [ 1.404035    0.04797904 11.5702    ]	
[ 1.2869782  0.0423487 10.075122 ]	 [1.272367e+00 7.294729e-03 1.007586e+01]	
[1.1239767  0.05262174 8.586766  ]	 [1.127217   0.03493211 8.537479  ]	
[ 1.3340387  -0.06983154  9.944555  ]	 [ 1.329069   -0.07602992  9.907901  ]	
[ 1.6565711  -0.10276119 11.007979  ]	 [ 1.610903   -0.09557919 11.14245   ]	
[ 1.6725259   0.03266914 10.135297  ]	 [ 1.660033    0.02567616 10.12226   ]	
[ 1.4891865  -0.08741407 11.371604  ]	 [ 1.503924   -0.09525553 11.49162   ]	
[ 1.0115604  0.054419  10.306223 ]	 [ 1.016149    0.04013733 10.14645   ]	
[ 0.55060315 -0.05339091 11.588737  ]	 [ 0.6093376  -0.06386516 11.62688   ]	
[ 1.224447  -0.0900567 12.896831 ]	 [ 1.232963   -0.08238294 12.54808   ]	
[ 1.6379206   0.11924954 11.683398  ]	 [ 1.63127    0.1016288 11.67035  ]	
[ 1.6209383  -0.03282343 10.580155  ]	 [ 1.60304    -0.02333744 10.4866    ]	
[1.1718515e+00 5.0394088e-03 8.9667740e+00]	 [1.146715  0.0381142 9.031107 ]	
[0.6511806  0.04071642 7.507519  ]	 [0.654531   0.04232415 7.56106   ]	
[ 0.5313353  -0.04133771  9.005697  ]	 [ 0.4909301 -0.04898    8.979782 ]	
[ 0.39704388 -0.05387883 10.508891  ]	 [ 0.3816271  -0.06129871 10.47769   ]	
[ 0.14039516 -0.03754424 12.048422  ]	 [ 0.1593256 -0.0680594 11.98669  ]	
[-0.04759684 -0.06579928 13.504564  ]	 [-0.05649805 -0.07630391 13.47991   ]	
[-0.20390508  0.01536901 13.548038  ]	 [-1.747928e-01 -4.133068e-03  1.349075e+01]	
[3.6924350e-01 1.8583089e-03 1.3495496e+01]	 [ 3.762035e-01 -4.038423e-03  1.343576e+01]	
[ 1.0545658  -0.03827851 13.378516  ]	 [ 1.034647   -0.02589387 13.31736   ]	
[ 1.4127612   0.09688647 12.218562  ]	 [ 1.419764    0.07431689 12.18624   ]	
[ 1.2776155e+00 -1.0023937e-02  1.0786864e+01]	 [ 1.320247   -0.03410196 10.75783   ]	
[0.87677187 0.05475654 9.170852  ]	 [0.8335931  0.05233728 9.273111  ]	
[ 0.4469174  -0.04560159 10.7424135 ]	 [ 0.4323275 -0.05706   10.73498  ]	
[-0.14258921 -0.02817808 12.32447   ]	 [-0.1481023 -0.0700717 12.22036  ]	
[-0.6655454   0.03502412 10.801784  ]	 [-0.6545734   0.04745395 10.67865   ]	
[-1.0699992  -0.02899127 10.454288  ]	 [-1.071812   -0.01937781 10.54072   ]	
[-1.1380732  -0.05633347 11.849939  ]	 [-1.152775   -0.08791021 11.99127   ]	
[ 0.2514162 -0.0524499  1.6021285]	 [ 0.144896   -0.00700044  1.43412   ]	
[ 0.28975886 -0.04388775  2.9482388 ]	 [ 0.3172919 -0.0172593  2.92363  ]	
[ 0.30914262 -0.02994351  4.5195093 ]	 [ 0.3079574  -0.02563249  4.446419  ]	
[ 0.7297726  -0.02450396  5.868678  ]	 [ 0.7294557  -0.03931877  5.874889  ]	
[ 1.1410345  -0.04787777  7.344633  ]	 [ 1.149606  -0.0566529  7.276174 ]	
[ 1.1780877  -0.06690817  8.765712  ]	 [ 1.155729   -0.06572354  8.791772  ]	
[ 1.3910279  -0.07550584 10.246795  ]	 [ 1.392393   -0.08533809 10.22939   ]	
[ 1.5614865  -0.10801415 11.418444  ]	 [ 1.558241   -0.09834255 11.53059   ]	
[ 1.4542606  0.0363691 10.243159 ]	 [1.506092e+00 1.571156e-03 1.052633e+01]	
[ 1.4931023  -0.06625937 11.685897  ]	 [ 1.509013   -0.09224371 11.75033   ]	
[ 1.5941248   0.07006063 10.545065  ]	 [ 1.63732     0.05337037 10.67173   ]	
[ 1.4632322  -0.10057001 11.88511   ]	 [ 1.47514   -0.1068147 11.9951   ]	
[ 1.5306695   0.09794362 10.8186655 ]	 [ 1.549935    0.05053121 10.8467    ]	
[1.2432532 0.018443  9.431022 ]	 [1.261425   0.01861802 9.418292  ]	
[ 1.3068907  -0.07235871 10.772496  ]	 [ 1.312943  -0.0776067 10.81791  ]	
[ 1.5874805  -0.03316854 10.760575  ]	 [ 1.620095   -0.05074761 10.76795   ]	
[1.3312345  0.01684983 9.392456  ]	 [1.318046   0.02655351 9.339677  ]	
[ 1.1968005  -0.05888574 10.749037  ]	 [ 1.205783   -0.07611465 10.80258   ]	
[ 1.5576696  -0.03002839 10.732676  ]	 [ 1.565591  -0.0470945 10.70824  ]	
[1.3196061  0.01364447 9.2993965 ]	 [1.314856   0.02530729 9.268545  ]	
[ 0.6851442  -0.04256247 10.734551  ]	 [ 0.7027788  -0.05870995 10.75783   ]	
[ 0.02913791 -0.06239794 12.27983   ]	 [ 0.01799726 -0.06888331 12.27981   ]	
[-6.6327393e-01 -9.4405264e-03  1.2227298e+01]	 [-0.635174   -0.01320675 12.22706   ]	
[-1.1606076e+00  8.2431585e-03  1.1971525e+01]	 [-1.214797   -0.03355929 12.09263   ]	
[-1.5238690e+00  5.8697015e-03  1.1887300e+01]	 [-1.577098   -0.03418165 11.97194   ]	
[-1.7335267   0.06329168 10.981739  ]	 [-1.709667    0.04999085 10.86787   ]	
[-1.0538461  0.0514992  9.421151 ]	 [-1.364314   -0.01102112  9.430349  ]	
[-0.43765774  0.01616402  7.9040833 ]	 [-0.4637334   0.05279963  8.02174   ]	
[-0.48526868 -0.04418258  9.481017  ]	 [-0.5189853  -0.05416417  9.484912  ]	
[-0.63342285 -0.0594589  10.969491  ]	 [-0.6517711 -0.0692215 10.96462  ]	
[-0.42694297 -0.06626891 12.498483  ]	 [-0.4397116  -0.07354942 12.47872   ]	
[-0.35704952 -0.06786446 14.002324  ]	 [-0.3493257  -0.08141701 13.96934   ]	
[-0.4238947  -0.08709209 15.466193  ]	 [-0.4126263  -0.09132238 15.43393   ]	
