count   pos backPos 
0 113.625000 26.618380 0.000000 0.000000 0.000000 0.000000 
1 113.767145 26.476254 0.000000 113.625000 26.618470 -1.730526 
2 113.907857 26.618380 0.000000 113.664900 26.660710 -1.730457 
3 114.047141 26.761907 0.000000 113.742900 26.747450 -1.730295 
4 114.184982 26.906818 0.000000 113.842200 26.862500 -1.730286 
5 114.321367 27.053101 0.000000 113.976600 27.024420 -1.730418 
6 114.456283 27.200741 0.000000 114.106500 27.189820 -1.730458 
7 114.589716 27.349722 0.000000 114.266600 27.411330 -1.730452 
8 114.721652 27.500030 0.000000 114.387000 27.594020 -1.730450 
9 114.852078 27.651650 0.000000 114.490100 27.764200 -1.730447 
10 114.980982 27.804567 0.000000 114.610100 27.982640 -1.730446 
11 115.108350 27.958765 0.000000 114.683000 28.128100 -1.730446 
12 115.234170 28.114229 0.000000 114.787100 28.345430 -1.730454 
13 115.358429 28.270943 0.000000 114.883500 28.564700 -1.730458 
14 115.481115 28.428892 0.000000 114.983100 28.813310 -1.730459 
15 115.602215 28.588060 0.000000 115.071000 29.052990 -1.730457 
16 115.721717 28.748431 0.000000 115.136300 29.245930 -1.730457 
17 115.839610 28.909989 0.000000 115.197800 29.442380 -1.730457 
18 115.955881 29.072718 0.000000 115.265200 29.678790 -1.730458 
19 116.070519 29.236601 0.000000 115.305400 29.833380 -1.730457 
20 116.183513 29.401623 0.000000 115.355500 30.044560 -1.730457 
21 116.294851 29.567766 0.000000 115.405800 30.284910 -1.730457 
22 116.404522 29.735014 0.000000 115.450300 30.530760 -1.730458 
23 116.512514 29.903351 0.000000 115.472900 30.674420 -1.730458 
24 116.618819 30.072759 0.000000 115.504000 30.904020 -1.730458 
25 116.723423 30.243221 0.000000 115.529000 31.132690 -1.730458 
26 116.826318 30.414721 0.000000 115.549200 31.380980 -1.730457 
27 116.927493 30.587242 0.000000 115.560400 31.582230 -1.730457 
28 117.026938 30.760766 0.000000 115.567600 31.814020 -1.730458 
29 117.124642 30.935275 0.000000 115.569000 31.991300 -1.730457 
30 117.220597 31.110753 0.000000 115.564900 32.243150 -1.730459 
31 117.314792 31.287181 0.000000 115.558900 32.392540 -1.730458 
32 117.407218 31.464543 0.000000 115.543600 32.640040 -1.730459 
33 117.497865 31.642819 0.000000 115.524700 32.854240 -1.730458 
34 117.586726 31.821994 0.000000 115.500200 33.070850 -1.730459 
35 117.673790 32.002048 0.000000 115.476900 33.242750 -1.730458 
36 117.759049 32.182964 0.000000 115.462500 33.337330 -1.730458 
37 117.842496 32.364723 0.000000 115.397500 33.701340 -1.730459 
38 117.924120 32.547307 0.000000 115.334200 33.991470 -1.730458 
39 118.003914 32.730699 0.000000 115.235900 34.370550 -1.730457 
40 118.081871 32.914880 0.000000 115.134200 34.704550 -1.730458 
41 118.157982 33.099830 0.000000 115.048600 34.954200 -1.730458 
42 118.232239 33.285533 0.000000 114.990300 35.111100 -1.730458 
43 118.304636 33.471969 0.000000 114.930500 35.263390 -1.730458 
44 118.375165 33.659120 0.000000 114.841900 35.475460 -1.730458 
45 118.443819 33.846966 0.000000 114.740200 35.700970 -1.730458 
46 118.510591 34.035490 0.000000 114.641900 35.904380 -1.730457 
47 118.575475 34.224672 0.000000 114.566600 36.051670 -1.730458 
48 118.638463 34.414493 0.000000 114.479700 36.213820 -1.730458 
49 118.699550 34.604935 0.000000 114.362400 36.420320 -1.730458 
50 118.758730 34.795978 0.000000 114.238600 36.625390 -1.730460 
51 118.815997 34.987603 0.000000 114.101500 36.838610 -1.730459 
52 118.871344 35.179791 0.000000 113.969700 37.031750 -1.730459 
53 118.924766 35.372523 0.000000 113.874500 37.164710 -1.730459 
54 118.976259 35.565780 0.000000 113.712000 37.380030 -1.730458 
55 119.025817 35.759542 0.000000 113.562500 37.566830 -1.730457 
56 119.073434 35.953790 0.000000 113.421100 37.734300 -1.730457 
57 119.119107 36.148504 0.000000 113.309900 37.860200 -1.730457 
58 119.162830 36.343665 0.000000 113.158400 38.024220 -1.730457 
59 119.204600 36.539254 0.000000 112.967300 38.219960 -1.730457 
60 119.244412 36.735251 0.000000 112.809500 38.372730 -1.730457 
61 119.282261 36.931636 0.000000 112.687700 38.485590 -1.730457 
62 119.318145 37.128390 0.000000 112.504000 38.647950 -1.730457 
63 119.352060 37.325492 0.000000 112.333900 38.790520 -1.730457 
64 119.384002 37.522924 0.000000 112.132600 38.950050 -1.730457 
65 119.413968 37.720666 0.000000 111.932400 39.099530 -1.730457 
66 119.441955 37.918697 0.000000 111.762800 39.219510 -1.730458 
67 119.467961 38.116998 0.000000 111.602200 39.327630 -1.730457 
68 119.491982 38.315550 0.000000 111.395200 39.459690 -1.730459 
69 119.514017 38.514331 0.000000 111.196800 39.578720 -1.730459 
70 119.534062 38.713323 0.000000 111.026800 39.675250 -1.730458 
71 119.552117 38.912506 0.000000 110.877400 39.756050 -1.730458 
72 119.568179 39.111859 0.000000 110.721600 39.836320 -1.730457 
73 119.582247 39.311363 0.000000 110.484100 39.951420 -1.730458 
74 119.594319 39.510997 0.000000 110.236200 40.062330 -1.730458 
75 119.604394 39.710743 0.000000 110.065300 40.133490 -1.730458 
76 119.612472 39.910579 0.000000 109.828500 40.225340 -1.730459 
77 119.618550 40.110485 0.000000 109.663700 40.284540 -1.730457 
78 119.622629 40.310443 0.000000 109.436400 40.360300 -1.730457 
79 119.624709 40.510431 0.000000 109.231900 40.422780 -1.730457 
80 119.624788 40.710430 0.000000 109.035600 40.477610 -1.730458 
81 119.622868 40.910420 0.000000 108.786400 40.540210 -1.730457 
82 119.618947 41.110381 0.000000 108.577800 40.586770 -1.730458 
83 119.613028 41.310293 0.000000 108.368300 40.628150 -1.730457 
84 119.605109 41.510135 0.000000 108.185000 40.660130 -1.730458 
85 119.595193 41.709888 0.000000 107.916800 40.699720 -1.730457 
86 119.583280 41.909532 0.000000 107.742100 40.721020 -1.730458 
87 119.569370 42.109047 0.000000 107.523800 40.742570 -1.730457 
88 119.553467 42.308413 0.000000 107.280800 40.760240 -1.730457 
89 119.535570 42.507610 0.000000 107.069300 40.770140 -1.730458 
90 119.515683 42.706618 0.000000 106.854100 40.774860 -1.730457 
91 119.493806 42.905417 0.000000 106.650400 40.774600 -1.730458 
92 119.469943 43.103987 0.000000 106.470600 40.770420 -1.730459 
93 119.444095 43.302309 0.000000 106.243200 40.759840 -1.730458 
94 119.416265 43.500362 0.000000 105.998100 40.741870 -1.730459 
95 119.386456 43.698128 0.000000 105.774000 40.719330 -1.730458 
96 119.354671 43.895585 0.000000 105.650900 40.704510 -1.730458 
97 119.320913 44.092715 0.000000 105.439600 40.674920 -1.730458 
98 119.285186 44.289497 0.000000 105.183600 40.632070 -1.730458 
99 119.247492 44.485912 0.000000 104.935000 40.582980 -1.730457 
