0.339294 0.194481 0.353280 
0.192394 0.194481 0.206299 
0.189576 0.194481 0.209441 
0.189576 0.194481 0.209441 
0.189576 0.194481 0.209441 
0.184252 0.196324 0.203464 
0.187772 0.191259 0.209441 
0.184252 0.191259 0.206299 
0.184252 0.191259 0.209441 
0.184252 0.191259 0.209441 
0.184252 0.195191 0.207208 
0.184252 0.195191 0.204100 
0.184252 0.195191 0.200392 
0.184252 0.195191 0.207208 
0.184252 0.195191 0.207208 
0.188667 0.191259 0.209441 
0.188667 0.191259 0.209441 
0.188667 0.191259 0.209441 
0.188667 0.191259 0.215717 
0.188667 0.191259 0.209441 
0.188256 0.191259 0.194197 
0.188256 0.191259 0.194197 
0.188256 0.191259 0.194197 
0.188256 0.202990 0.194197 
0.188256 0.191259 0.194197 
0.097803 0.242485 0.087351 
0.097803 0.242485 0.087351 
0.097803 0.242485 0.087351 
0.097803 0.242485 0.087351 
0.097803 0.238848 0.087351 
0.097803 0.242485 0.087351 
0.097803 0.242485 0.087351 
0.097803 0.242485 0.087351 
0.137570 0.242485 0.087351 
0.097803 0.242485 0.087351 
0.097803 0.242485 0.087351 
0.097803 0.242485 0.087351 
0.097803 0.238848 0.087351 
0.097803 0.242485 0.087351 
0.137570 0.242485 0.087351 
0.097803 0.242485 0.087351 
0.097803 0.242485 0.087351 
0.097803 0.242485 0.087351 
0.097803 0.242485 0.087351 
0.097803 0.242485 0.087351 
