0.618406 0.619668 0.636894 
0.648640 0.674994 0.675749 
0.000000 0.000000 0.000000 
0.000000 0.000000 0.000000 
0.000000 0.000000 0.000000 
0.616964 0.624961 0.687877 
0.673636 0.695752 0.712033 
0.706959 0.550646 0.700790 
0.000000 0.000000 0.000000 
0.000000 0.000000 0.000000 
0.466006 0.121629 0.716931 
0.653131 0.703172 0.734172 
0.743664 0.694688 0.748092 
0.000000 0.000000 0.000000 
0.000000 0.000000 0.000000 
0.018373 0.407367 0.583905 
0.263681 0.371797 0.777262 
0.749353 0.767163 0.723862 
0.774938 0.784815 0.085651 
0.000000 0.000000 0.008068 
0.003745 0.009017 0.246230 
0.098157 0.371515 0.802659 
0.778927 0.806394 0.708704 
0.812081 0.682209 0.255099 
0.000000 0.000000 0.000000 
0.430298 0.514627 0.796430 
0.718094 0.802068 0.842482 
0.835764 0.831738 0.313921 
0.824986 0.315554 0.054048 
0.176753 0.000000 0.000000 
0.818646 0.789470 0.894353 
0.851421 0.885478 0.825557 
0.858123 0.840618 0.000764 
0.717784 0.111915 0.000000 
0.015831 0.000000 0.000000 
0.782096 0.758529 0.916692 
0.912871 0.949597 0.094817 
0.763378 0.000000 0.000000 
0.094440 0.000000 0.000000 
0.019946 0.000000 0.000000 
0.000000 0.000000 0.000000 
0.000000 0.000000 0.000000 
0.000000 0.000000 0.000000 
0.000000 0.000000 0.000000 
0.000000 0.000000 0.000000 
