4.799412 4.851125 4.936625 
5.225000 5.000000 5.225000 
5.000000 5.000000 5.000000 
5.000000 5.000000 5.000000 
5.000000 5.000000 5.000000 
5.000000 4.925000 4.925000 
5.000000 5.000000 5.000000 
5.000000 5.000000 5.225000 
5.000000 5.000000 5.000000 
5.000000 5.000000 5.000000 
5.000000 5.000000 5.000000 
5.000000 5.000000 5.000000 
5.000000 5.000000 5.000000 
5.000000 5.000000 5.000000 
5.000000 5.000000 5.000000 
5.000000 5.000000 5.000000 
5.000000 5.000000 5.000000 
5.000000 5.000000 5.000000 
5.225000 5.000000 5.000000 
5.000000 5.000000 5.000000 
5.000000 5.000000 5.225000 
4.925000 5.000000 5.000000 
4.925000 5.000000 5.000000 
5.000000 5.000000 5.000000 
5.000000 5.000000 5.000000 
4.925000 4.872500 4.925000 
4.925000 5.225000 5.000000 
5.000000 5.000000 5.000000 
5.000000 5.000000 5.000000 
5.000000 5.000000 5.000000 
4.925000 4.925000 4.925000 
4.925000 5.225000 5.000000 
5.000000 5.000000 5.000000 
5.000000 5.000000 5.000000 
5.000000 5.000000 5.000000 
5.000000 5.000000 4.925000 
4.925000 6.125000 5.000000 
5.000000 5.000000 5.000000 
5.000000 5.000000 5.000000 
5.000000 5.000000 5.000000 
5.000000 5.000000 5.000000 
5.000000 5.000000 5.000000 
5.000000 5.000000 5.000000 
5.000000 5.000000 5.000000 
5.000000 5.000000 5.000000 
