3.100726 2.596880 5.319773 
3.478450 5.921036 2.723668 
0.000000 0.000000 0.000000 
0.000000 0.000000 0.000000 
0.000000 0.000000 0.000000 
1.405903 0.000000 4.210170 
1.690650 0.672086 5.672811 
0.930206 0.000000 3.953174 
0.000000 0.000000 0.000000 
0.000000 0.000000 0.000000 
0.261393 0.000000 1.875953 
0.889202 0.000000 0.000000 
1.618658 1.442763 5.287455 
0.000000 0.000000 0.000000 
0.000000 0.000000 0.000000 
0.000000 0.000000 0.178652 
0.000000 0.000000 3.476781 
0.743808 0.000000 0.723544 
4.913896 1.300293 2.026532 
0.000000 0.000000 0.000000 
0.000000 0.000000 1.033847 
0.109867 0.000000 0.000000 
0.534795 1.270467 4.266454 
0.932817 2.425325 0.000000 
0.000000 0.000000 0.000000 
0.000000 0.000000 0.000000 
0.000000 0.000000 2.258396 
0.358185 2.951538 1.373037 
3.426904 0.300000 0.000000 
2.693565 0.000000 0.300000 
0.000000 0.000000 0.000000 
0.000000 0.300000 0.300000 
1.251285 1.125600 2.669208 
1.372391 3.638233 0.510000 
0.000000 0.000000 0.000000 
0.000000 0.000000 1.200000 
0.000000 0.000000 2.495790 
0.954950 2.487918 0.000000 
2.999179 0.600000 0.882351 
0.300000 0.000000 0.000000 
0.000000 0.000000 0.000000 
0.000000 0.000000 0.000000 
0.000000 0.000000 0.000000 
0.000000 0.000000 0.000000 
0.000000 0.000000 0.000000 
