1.0931590007004557
1.1746603825894417
1.1423822714681617
1.2212518195051107
1.1163427320011106
1.1540160088324887
1.2131097560976003
1.1233766233766243
1.1599317017644015
1.12839108246039
1.0909992561368747
1.1527892278098655
1.1944654088050337
1.0937027707808642
1.1915279878971634
1.1736625514403378
1.164995936060699
1.1432779860739395
1.1296654686204213
1.087435709037478
1.167895632444728
1.14459627329195
1.10675883256529
1.1116910229645145
1.1744892324682592
1.1418776371308084
1.2243180499129869
1.1053274682307055
1.1558081508178826
1.1096446700507692
1.1755434782608845
1.1943863839952549
1.152449091909754
1.0813616610333165
1.1214099216710283
1.1049896049896095
1.1129461907298968
1.0974251913709212
1.1494974874371962
1.1605609616485477
1.1588548975582553
1.1400727650727835
1.1222251939021246
1.201939058171783
1.1479535398230325
1.128131524008362
1.196089385474881
1.1848852901484583
1.219575200918517
1.165578480020898
1.195978476352346
1.098462368492047
1.144712912444795
1.1156960041786468
1.197434467373153
1.1633230452675154
0
1.2822531798909973
1.1157002188183978
1.1612446958981928
1.1400414937759396
1.1615056059797235
1.1942446043165655
1.119515477792741
1.1555362821625035
1.1443821724045977
1.1296341167918618
1.189705031810313
1.14457831325303
1.1528089887640738
1.1333980111569288
1.1564409030544545
1.1328374070138383
1.1576576576576814
1.1325908247149532
1.1429355281207383
1.0947867298578298
1.1446345256609882
1.196845958884828
1.099904852521411
1.148853978882323
1.1801258521237608
1.1083206494165498
1.1830585559977609
1.136585365853665
1.1463547334059028
1.1279633620689877
1.1577319587629054
1.1129625091889295
1.182523113629616
1.120896717373914
1.145264232831266
1.14247239429034
1.1412543153049646
1.1020357497517466
0
1.1207705606322733
1.1511755057408577
1.101716304896525
1.1401570223902482
1.1646323310509186
1.12174969623329
1.0753642987249554
1.1391375101708965
1.1447440836543872
1.1745024516873506
1.1331961943944528
1.087064061340601
1.1363752883875984
1.1067961165048694
1.207932341790628
1.147893142385034
1.1793565683646285
1.1256990679094716
1.1854910056031027
1.100946372239753
1.1317098716941687
1.179734953064637
1.1879699248120381
1.1623251987935388
1.128699429812662
1.153382275825914
1.0764893356214793
1.0785835556633565
1.1041561074505999
1.1280653950953816
1.1668418286915694
1.1578650098842178
1.2039064812074691
1.1093076337813836
1.0970059880239673
1.2100740740741038
1.0785427016796798
1.2103332314277422
1.127864005912798
1.1485570890840635
1.189352360043919
1.1166758392955596
1.1814323607427357
1.146767466110511
1.0769413440987894
1.0997381575815328
1.0651969981238307
1.237730061349708
1.077636718750015
1.13186813186815
1.1111111111111174
1.1438374241224776
1.2174309140601551
1.1231084893562517
1.1248753738783752
1.1234159779614479
1.1548318206086572
1.1522996419719267
1.200786295984288
1.1543209876543425
1.1947194719472203
1.2147391664366844
1.1582177161152838
1.193587416817946
1.142494284988587
1.2262295081967618
1.193629505448477
1.1039058587881903
1.0734408861064353
1.139084507042257
1.107215967246683
1.1890855457227467
1.1734841891500123
1.0952264381885073
1.0758521363418219
1.069522471910122
1.1350790770028736
1.138064873856402
1.133959731543637
1.1240611961057176
1.0865244789142148
1.146786415941646
1.1305268731797793
1.1388814557131481
1.1758590817210854
1.1332284290584933
1.1108122646584386
1.1012024048096234
1.1878483835005667
1.1511145671332457
1.2018652226233755
1.1261910893638765
1.1425925925926097
0
1.1606359649122897
1.1575865580448144
1.1291996722207205
1.1174848317705524
1.171803805950165
1.1566579634464873
1.1559169938306453
1.1823416506718045
1.155078683834075
1.1579674123170696
1.1608293639675153
1.16855845629968
1.09757961783441
1.09229182779067
1.0876154392611963
1.1212738853503352
1.114657814096014
1.214863184079629
1.1454301075268893
1.192133131618779
1.1560726447219274
1.153005464480893
1.128178515827733
1.1362343572241433
1.0900440937572538
1.1530464914813972
1.1862325049986
1.1276983094928577
1.1792991035044833
1.1725203708907033
1.1200000000000208
1.1593327581248498
1.1285097192224747
1.1826670557339092
1.168004587155993
1.095719095719109
1.1649484536082622
1.2581143740340572
1.1159874608150648
1.0939720375888133
1.2423041755562556
1.175752159666402
1.1641371557054843
1.0771719038817138
1.154856361149135
1.1146139460326148
1.1525471432592411
1.1598800899325692
1.1296101159114935
1.1976417742841219
1.2502314100586633
1.2863381160324858
1.0965468639887386
1.2657517155334008
1.1792322562828177
1.1187938653496439
1.0839298938533677
1.116706634692258
1.2522841143531072
1.1588861588861785
1.0771329365079472
1.1304575163398896
1.0937573065232598
1.2100303951368219
1.1010856453558573
1.1815097540288517
1.1369824951375493
1.109355714638369
1.146014206787704
1.1522168878848094
1.1717907227616193
1.1167728237792023
1.068247126436786
1.1643873085339256
1.0968778696051382
1.0883914147242029
1.1614074280927398
1.152874452178418
1.2252100840336357
1.167121046892071
1.1052495474528072
1.1974647887324137
1.1233116558279193
1.1342210386151967
1.1324105510577431
1.1510731975784316
1.1446954532456521
1.2098578772301596
1.199660633484188
1.1133540372671007
1.1556195965417853
1.1191142784423647
1.1812004530011664
1.1477777777777927
1.184522170201052
1.0913767760901643
1.1711116979139322
1.138147566719016
1.2125865703101806
1.1655370177268165
1.1323141802846808
1.1299333675038634
1.1877094972067384
1.1543026706231685
1.1868131868132212
1.0901373283395859
1.1351709514974873
1.2088235294117793
1.1570721542068503
1.1045076806849763
1.1048311444653085
1.1796389464338832
1.1285454072339354
1.1542699724518117
1.1210206561361031
1.136045258620709
1.136110374104557
1.1550847457627378
1.1925061091501474
1.1425808234319084
1.142781597038608
1.1119500130174464
1.149364991717294
1.168042609853553
1.0256410256410255
1.1366674919534763
1.1476269315673533
1.2142403051494433
1.174882952354735
1.1126420111191744
1.1373312564901603
1.1435433738344367
1.1402604449267566
1.1938918464555677
1.2285544672009907
1.1514799767847055
1.0625297194484131
1.1695891783567147
1.0990438833047382
1.1766578249337067
1.1207886199151669
1.1238828202581963
1.164409534127849
1.1954454454454484
1.129449838187702
1.0680076628352513
1.1090909090909185
1.1580510992275848
1.1676778819636222
1.1500133226751919
1.1217368829154846
1.1880318418885847
1.1076185402237808
1.1073948262346565
1.0936084549572318
1.1259803921568665
1.1477559253656247
1.1168248945147716
1.1797297297297502
1.0867988394584271
1.1295233341652273
1.1455019556714592
1.1112686038270752
1.1178327196212576
1.1272005950905253
1.0957753240518584
1.1206030150753812
1.1496062992126206
1.0723897911832987
1.1147583354872161
1.0784400620429957
1.1261595547309913
1.1479661479661623
1.151174668028626
1.0673123486682852
1.15933528836755
1.1230988593155968
1.1316935690494587
1.1583639223911926
1.1196319018405054
0
1.1460526315789532
1.2082168809390867
1.0825595984943657
1.1529349828902629
1.1692849404117076
1.1083672980100736
1.165300546448117
1.1550985432733765
1.1812933025404426
1.1498734177215326
1.134300295460672
1.0796313799621968
1.1740654205607783
1.1701764371087373
1.2135922330097235
1.1472868217054548
1.1489588894821197
1.1268255188316725
1.1682557487380936
1.12023305084748
1.149507119386654
1.0984719864176593
1.174837566450119
1.1572327044025252
1.1342503438789655
1.1955466742792256
1.1208617971623918
1.086381135707425
1.1909894969596668
1.1218378936499827
1.1086142322097439
1.1208847736625744
1.1457828078685215
1.104311199207153
1.1114457831325417
1.154049063571624
1.1236722306525102
1.1035007610350072
1.09654178674352
1.152781621920866
1.1143195266272237
1.2074873096446932
1.2043073341094543
1.1438830469351322
1.141668976989202
1.1216386026640053
1.1276702689117937
1.1832144816237118
1.1554088369730917
1.099746192893418
1.1557788944723761
1.1491981672394214
1.124657534246587
1.1491823899371347
1.1397222222222447
1.1762485481997982
1.061922365988911
1.1303147432358056
1.1589542483660387
1.1188623557821435
1.1650294695481436
1.115531335149877
1.1956638115631868
1.149715215622472
1.1277733226410278
1.123100303951376
1.1576903158985103
1.1133833807921458
1.1982853982301138
1.1855785354947157
1.1216252338946955
1.1421947449768322
1.0991141967919558
1.1477358967872568
1.1843012463537819
1.1326139088729157
1.1229637414608575
1.1376123876123965
1.1311134235171707
1.1713506139154195
1.1336138874276935
1.1309523809524022
1.1511511511511474
1.1763180639585245
1.1402895656515444
1.1285151116951577
1.2064208012735491
1.1249353336782337
1.1429333333333354
1.1022755688922363
1.1414385399892695
1.1599783080260455
1.1683281116491235
1.129955368863228
1.1694124107633446
1.1285983319881792
1.1502248082517958
1.118273841236031
1.1750585480093996
1.0846282572316541
1.1222366710013219
1.1494634644864963
1.1880038697194855
1.091124822021839
1.191561844863754
1.1170610211706278
1.1557632398754047
1.1819526627219255
1.1025388217895022
1.184935701163536
1.206537052690933
1.1268078512396766
1.10029031406705
1.1869729572550443
1.1605351170568685
1.1341063776153315
1.1288275862069101
1.0772676371780505
1.0591385331781225
1.0803571428571541
1.1434159061277822
1.2108825121819338
1.1057356608478848
1.170014144271598
1.1873651771957052
1.1751921547839972
1.103532875368013
1.1629384850025573
1.1107482993197453
1.13846941387256
1.108258658270788
1.094452773613211
1.1436464088397993
1.2028356481481686
1.1013133208255217
1.117750439367309
1.1091714434601416
1.2417061611374876
1.2089849303383842
1.1603851444291722
1.2467688608356362
1.0822232429949488
1.0811688311688377
1.1627721720658748
1.0761470093682564
1.1063660477453612
1.1286942504030255
1.150943396226424
1.0942010635603996
1.1539335416075058
1.1755477414119855
1.107458912768652
1.123253903040273
1.1787289234760372
1.1297368421052834
1.1082753286929796
1.115096359743046
1.2125445897740907
1.1996591877308003
1.1327506145862036
1.1311659192825343
1.0946285140562322
1.1843783209351868
1.1973214285714577
1.1391839016210452
1.1087674714104214
1.1378492356352234
1.158586688578481
1.0564829636405295
1.125398512221041
1.1351713062098687
1.1714199939958294
1.1088678763097557
1.1377291242362766
1.0880000000000145
1.128116514440886
1.1391280199944687
1.1412779724993458
1.12743037309512
1.126310272536696
1.1622739018087949
1.1425548796614737
1.159353348729812
1.0797413793103454
1.1305027350872658
1.093905620109091
1.1325241515977242
1.141148325358862
1.2104495037945466
1.1442676906198803
1.1965549061827458
1.1166343355965276
1.1067340963534922
1.163696537678207
1.142345814977983
1.114724245577531
1.1499599037690658
1.183997689197026
1.166312997347504
1.1451655629139166
1.1240369799691867
1.1692869174621159
1.1184384067528568
1.2215794041076047
1.1512605042016888
1.1578366445916373
1.1273983115886654
1.1606113033448844
1.1250000000000207
1.1135299625468282
1.1729281767955895
1.1392649903288474
1.145747880776614
1.1658423043351809
1.1516680684048488
1.1444978632478717
1.1300664071444972
1.1345582275060895
1.1030287984111344
1.1619911991199385
1.1491508737386178
1.1221925133689952
1.0705882352941236
1.1516471549142488
1.1805677494878901
1.1906964091404006
1.1215025906735967
1.138546643198399
1.1231438812084045
1.1015567086730953
1.1336218555585855
1.1385656292286985
1.1369078604893361
1.150068212824027
1.1404081632653191
1.1379132231405225
1.1299479166666788
1.1056302939711191
1.2163833075734543
1.140837960625958
1.1498447204969207
1.1866971167570883
1.0832045905981043
1.1437716724460083
1.193172119487921
1.1698478561549426
1.0979834539813977
1.1181748269674519
1.2060356652949522
1.1122876138882212
1.1130294038306012
1.1940998070030404
1.1240029006526535
1.0744529019980997
1.1247199402539314
1.0963575303539235
1.1346982758620827
1.1079241614001152
1.0923501033769976
1.1097740667976501
1.1025452765541013
1.1865942028985854
1.1144697720515555
1.1370240480961935
1.0959418250058803
1.0806223479490895
1.1508598228244082
1.138629698747025
1.1361462728551588
1.119418483904473
1.1549295774648103
1.2202166064982338
1.071723189734189
1.084423599111339
1.1229551451187565
1.2447491248541933
1.1651349798966235
1.1592253899946268
1.193582325092077
1.1370477950884752
1.1337039978819372
1.2195337857775594
1.1049196787148656
1.1390456644433258
1.1651749389747996
1.148000000000023
1.1767056808450045
1.0923112876840502
1.0765002290426036
1.1308186195826833
1.1860011154489813
1.0935132575757653
1.1635029106555426
1.1496019763930903
1.1574803149606503
1.1304685477608163
1.0834390058331325
1.1626470588235505
1.1358098068350801
1.2021341463414994
1.1329131268840846
1.1221891086426476
1.1072555205047492
1.136741374968539
1.1456527816606201
1.1529044021880805
1.236989120846835
1.0943207405554225
1.1922963834166564
1.1392726247533358
1.1195335276968013
1.1327800829875574
1.0884076433121093
1.1689038031320083
1.1459105158164893
1.1122886701993477
1.1490650513563336
1.1248693834900905
1.1559303290019627
1.1576868829337288
1.1461897356143131
1.1208169291338657
1.1619207146845383
1.131310418904418
1.136738494280418
1.0990171990172024
1.0912228796844163
1.161802210257882
1.1771816037736098
1.170966827332029
1.1520068317677412
1.1571045576407808
1.1495793901156217
1.0904136735199457
1.1444444444444617
1.2266280752532932
1.1545839210155344
1.0815956482320819
1.1323652611002653
1.1070201276387022
1.1085972850678887
1.1609076843734056
1.106690777576868
1.1117404737384302
1.212070410729268
1.1384696849351459
1.1409080216419887
1.084615384615388
1.1597374179431215
1.1571113561190862
1.146327522149195
1.1057518700025886
1.1390957446808543
1.1948369565217507
1.1376637262764053
1.1551535087719538
1.104778496764567
1.176986446983752
1.180790960451987
1.2424407518387817
1.081218274111689
1.1533795493934447
0
1.0930123860715153
1.1883500887049379
1.1327726809378418
1.1316374413435673
1.1177629958117836
1.1241436009865833
1.2032494424976388
1.1107196779064068
1.1344582124967095
1.1281407035176085
1.1689782054911164
1.1502181025081983
1.079727187206023
1.179565616396471
1.1805218446602297
1.126112382405305
1.185292414591811
1.1437394722066379
1.1836734693877629
1.1169850824391587
1.1065719360568549
1.229429429429468
1.1478912319645005
0
1.1791044776119535
1.1248766041461051
1.1055300652016438
1.0988679245283155
1.204854943753718
1.1181746241097406
1.1594046008119323
1.1458607095926503
1.1800962116656841
1.1315652626105288
1.1317290994790603
1.087046394120358
1.1684895063553387
1.0986261040235683
1.1675832127351815
1.1853587115666504
1.1783049040512021
1.1042867886688437
1.184210526315823
1.1575306013837283
1.1189683860233093
1.2157169693174932
1.1428958785249748
1.1550802139037548
1.1461680273900614
1.1738505747126768
1.1368301026225984
1.1379502932142063
1.1276214833759828
1.1066362715299065
1.1666184553080956
1.1514778325122985
1.098856416772569
1.1097497393117968
1.1466214453430768
1.169078242229372
1.1639154358529151
1.173568507157491
1.0763157894736965
1.0988535031847326
1.1224012474012681
1.1447129124447981
1.1283464566929224
1.23159463487334
1.0667907842680997
1.1860675512666035
1.1395226855494642
1.1263345195729704
1.1595041322314161
1.1934167573449577
1.1891125602495345
1.1229092752154128
1.107573812580239
1.1584385763490341
1.1174193548387172
1.2044444444444813
1.117041452180989
1.0872860635696833
1.1158808350926581
1.1413043478260942
1.1422287390029544
1.1643337066069648
1.18238108640589
1.1121903836813996
1.0832913940613997
1.1993874425727764
1.1239690721649704
1.1392649903288274
1.074547143520672
1.1422935297212058
1.1907667816397267
1.1808308444203113
1.1435853865760686
1.1970374510900312
1.0874190564292427
1.1978922716627964
1.107680530747642
1.1408227848101347
1.2081461515424083
1.174781874472304
1.1657142857143177
1.2096045197740537
1.1416333523700881
1.1182175622542707
1.1680201624195217
1.189022682721946
1.1295824847250642
1.131674442716449
1.1237474949899926
1.1257776575602023
1.2006020799124388
1.1450151057401996
1.1546638320489249
1.120661157024815
1.2049389724666868
1.0914904082636525
1.1223784850727987
1.14948859166013
1.0989884393063747
1.2288037166086367
1.1002092536619414
1.1197734016725331
1.1522316684378382
1.2021555490824527
1.083609820836104
1.2119663259170455
1.183920704845822
1.1440253231337563
1.11285266457681
1.136503067484678
1.2684226102397398
1.2564320045236483
1.1890072910824727
1.1034647550776697
1.134178552562079
1.1442704039571516
1.1228981206726056
1.1049024775962157
1.0983976529000306
1.1492346938775566
1.120348376880459
1.1406893004115277
1.0982164671390349
1.1351949129112762
1.1560066740823312
1.1927710843373827
1.1644072685318727
1.1448856166184633
1.1195707715891778
1.0833333333333355
1.1746169413125342
1.105614642592138
1.1336111792106118
1.0785973397823538
1.1952609478104728
1.2384259259259531
1.1095132743362983
1.1304462635331674
1.2517634291915274
1.1467737468845431
1.152885682574927
1.187652068126531
1.1187898973078207
1.1642875681287346
1.1084943106642036
1.1967120181406268
1.1340629274966036
1.1404936974790165
1.1595153962645264
1.1640054127199029
1.0614240170031868
1.1566366704162288
1.1245561322043327
1.1009017791859652
1.1269510926118707
1.099776063697455
1.1617100371747426
1.0623287671232928
1.1715246636771484
1.1276133586749966
1.2130193905817523
1.0917721518987396
1.153370937416077
1.0916011787819422
1.0481366459627361
1.1280148423005703
1.0895008605852075
1.1392893923790048
1.1144592952612513
1.1322597676874555
1.2217453505007545
1.1149668874172347
1.0861776809489305
1.1434724091520974
1.1204107830552044
1.151942522618431
1.1236503856041251
1.174616457461676
1.1941309255079122
1.137155705452514
1.1268332428028343
1.1646341463414864
1.1568728967124244
1.213799504950532
1.158187378370887
1.1318562550662128
1.121336620104104
1.1618685497012697
1.1110824742268128
1.0895153313551076
1.0983182406209748
1.2018893387314509
1.0949494949495062
1.1722462203024064
1.2172166427546804
1.1322894168466702
1.2422526817640525
1.217901234567946
1.0895848506919301
1.071307300509341
1.129144385026762
1.1581873783708923
1.151635846372706
1.1404893449092566
1.132459564974921
1.1489659027389767
1.1983096891035723
1.155536028119534
1.0727098780196187
1.1758593125499874
1.219450672645768
1.195586457073789
1.2387297986958214
1.181490384615416
1.2245508982036373
1.0821410952146069
1.2125465482669904
1.1735791090629861
1.156516622536057
1.1626039575566702
1.1279266232198977
1.1741424802110974
1.1315508021390415
1.1484617555743994
1.1534216335541048
1.0874760994263946
1.2136570561457087
1.1248725790010357
1.1618559482061228
1.1289207868155469
1.1822468793342733
1.0939354838709725
1.1036400404448947
1.202087561612082
1.1384964682139214
1.1104023552502496
1.176062204943099
1.2135342621552732
1.1493823613904313
1.0478757817554476
1.1261011829851713
1.1430070847546636
