1.1022647676862143
1.3337202553685643
1.1746509718040128
1.243460166468527
1.1217303822937683
1.111856823266238
1.2550255025503
1.2050584715800998
1.198333333333369
1.2531962201223372
1.1277501774308216
1.2298690443020446
1.2787068004459525
1.2412831241283533
1.154700222057761
1.1335563561503037
1.1363079186075222
1.1476814516129226
1.205494813568824
1.1636409480585037
1.1771443793287473
1.2249134948096905
1.1825590872045917
1.2276444209971418
1.1579481970543581
1.2338012958963647
1.1457971733201142
1.1633868461936907
1.1586525400706524
1.2120047309284812
1.186898395721926
1.1915708812260897
1.2494606256742529
1.145974781765278
1.209592459107313
1.0843486410496834
1.2340368688218246
1.1910144108505363
1.2474398007196426
1.186857760951899
1.1378504672897418
1.2118055555555707
1.212409167132493
1.1776194246503076
1.23443526170802
1.239833778569355
1.2239413680782079
1.2485469139219627
1.1028220858895708
0
1.121075106757103
1.096298031865056
0
1.1245238095238135
1.1993269479679234
1.1097262952101752
1.1640502354788163
1.0710086997413701
1.158314058082775
1.1368764101278548
1.1629742806213363
1.2299631832342521
1.258387286639235
0
1.1846846846846912
1.218818984547474
1.1627785058977782
1.1437691521961229
1.1596958174905065
1.2547809993831356
1.1516658378916074
1.2182163187855843
1.2445845900740504
1.231573001976871
1.1653435532439316
1.2374527792768832
1.2579225352112913
1.265660592255161
1.2670735251380805
1.1460000000000066
1.249371683887228
1.1494023904382566
1.2465986394558268
1.212162905888843
1.1222675954840455
1.2113144758735783
1.2491821155943386
1.1740731001840712
1.1967892283791006
1.159969285897137
1.2621916236374469
1.1260803253685874
1.096924510717615
1.1904761904761998
1.197668525088725
1.1622245002563065
1.221411192214139
1.1764232008593158
1.1989699105448437
1.2033091000250817
1.187417042739594
1.1992065741003357
1.142328564380867
0
1.2690815006468892
1.1602714695901974
1.2305818673883946
1.0979053895034128
1.106382978723411
1.19277108433737
1.1117009000692537
1.1677018633540666
1.1903014416776219
1.2109611677224292
1.2364318706697823
1.0968983472945426
1.2192628463815078
1.1503991758949395
1.2062548462135108
1.193005521956383
1.1700680272109023
1.26081971911727
1.1801068430425135
1.2477691850089585
1.2561647809690062
1.1477663230240611
1.1718359179589957
1.0230685527747552
1.1265060240963998
1.248818459827661
1.1619914076320506
1.212852494577042
1.1691767068273196
1.2458622530699512
1.1563682219420015
1.3402244536326664
1.1564171122994704
1.1753228909041136
1.2270299145299568
1.218637067630346
1.1732243229433112
1.069524913093863
1.089482716352063
1.2504132231405165
1.214504028896937
1.1639344262295326
1.1086579012652025
1.1647546985599284
1.0770862800565804
1.174463685706911
1.152412560633134
1.2425331858407
1.1221001221001357
1.1690371991247426
1.3138424821002543
1.2521532521533034
1.1898767374770598
1.270950547823553
1.1006776379477363
1.2350532350532746
1.2566599828129819
1.162627052384691
1.2122392211404898
1.0925309229305407
1.2476955099613884
1.2036654620547353
1.2014672686230392
1.233960176991148
1.2124724061810548
1.1919164146274768
1.1286286286286307
1.2173568979161313
1.228146853146885
1.2087733549959663
1.2277368122518806
1.204495005549427
1.2418191902385045
1.1832080849961353
0.9607413312076567
1.1287973889028575
1.2105967353492473
1.1594848935116633
1.1851657022619775
1.0850183823529482
1.2127027027027404
1.1829333333333532
1.1885308297386477
1.1842379958246527
1.273163841807925
1.2575241340148096
1.1818912402893278
1.2105985722130852
1.1606022584692588
1.2166805209199192
1.1825115772269434
1.2067750677506877
1.2126482213439107
1.2426908884473908
1.2294450154162837
1.2479155086159142
1.102435530085975
1.2382504754143322
1.1879957694341918
1.2353433835846321
1.27893013100441
1.2071509648127468
1.188756041719671
1.276241451085385
1.1928121720881535
1.2294845954506584
1.308901993821981
1.1834493840385847
1.1638830897703842
1.2804491793838388
1.2309181415929644
1.2606741573033944
1.2187750735491039
1.1786186821910642
1.269945667715203
1.1681326966574557
1.1505640019617696
1.267899061032904
1.1516005121639135
1.2376929799010008
1.1440409456495453
1.0207100591715967
1.2480553154710903
1.179423868312789
1.2303977272727598
1.1674903898956757
1.157523510971808
1.2258930969648436
1.1877022653722056
1.193874902673275
1.179261862917415
1.1798561151079354
1.2101838755304395
1.182257244534843
1.169301376848561
1.1293881644934993
1.166577540106957
1.1741787624140647
1.205414012738856
1.2561534058386246
1.2118074986010452
1.2603183962264677
1.21776847143289
1.1751427794397926
1.2249724972497664
1.236827033218832
1.1376497578384164
1.2191267077418018
1.2446751863684902
1.2095792537708774
1.241872197309425
1.2799274486094765
1.2945443993035817
0.989504013171434
1.2304480935152005
1.1400553180789765
1.161366006256536
1.1509620128268614
1.1125940305751163
1.1563682219420197
1.1681485355648824
1.1860584315735574
1.24523007856342
1.1660069272637528
1.1366120218579467
1.113475177304982
1.2396716101695264
1.2138418079096212
1.2065659500290928
1.2145816072908382
1.1387846961740469
1.2151523321650044
1.1903492402026263
1.115781888061496
1.2047486033519943
1.1280534841861798
1.1831578947368673
1.2077167019027844
1.273410404624327
1.2315256257449694
1.1378581493658964
1.2125854993160323
1.1782508335470943
1.0756169345709814
1.2203966005666136
1.1359589964931367
1.1660039761431513
1.0931859205776198
1.219398188723358
1.2014448457905311
1.251841359773406
1.1655190002550475
1.2548794489093495
1.1667116266522999
1.2170177383592204
1.2075778078484818
1.294855708908429
1.2091053467443158
1.2319054652880677
1.3023474178404129
1.0568645219755368
1.2166623678101678
1.2573299174495158
1.2322544009086183
1.2356225572306385
1.2494199535963144
1.1750851305335033
1.2684663304657622
1.1287512100677703
1.1301945712226755
1.1703068841581719
1.2021798365122771
1.2303166152984382
1.1777139874739349
1.225601327066658
1.24857220560243
1.2591973244147634
1.2378694924707632
1.1735469853340885
1.266088416340241
1.157598978288648
1.1276061291132953
1.1779396462018776
1.2130836047774531
1.146915792167914
1.2573369565217631
1.1827985980048834
1.2072495849474412
1.150661440470359
1.1540748080257648
1.1555498326036593
1.1755143510287127
1.235799390412901
1.1610942249240315
1.102430161253694
1.2841043890866404
1.2619524763813716
1.218067685589528
1.1572570250064707
1.0987043580683296
1.1367936589107843
1.2089430894309
1.1834935897436072
1.2330682752947637
1.1599795553283943
1.2459723820483404
1.2528312570781646
1.2365411436541516
1.086713626427018
1.1544044044044124
1.0304414003044169
1.1086124401913944
1.2502738225629804
1.1503779697624459
1.31764705882356
1.1944894651539986
1.2448922474111508
1.2615648201028216
1.1204501915708807
1.162922798863933
1.2779235928842696
1.2933333333333787
1.1486655026191261
1.1427444794952841
1.172343149807949
1.0987533610364326
1.169263836646977
1.1555939738206993
1.1968674048069212
1.23724060572073
1.1011181332036928
1.2237658882648976
1.1466806612437934
1.1661950090043984
1.228940416789009
1.2302158273381547
1.166710216880077
1.1778666666666904
1.1805333333333616
1.1522051773729884
1.2154853401651318
1.1777055736066202
1.2461997019374333
1.1063572637176815
0
1.0759675107501256
1.1900050735667331
1.1257846450989957
1.2394168769274072
1.2341166231505953
1.1282431430689632
1.0942534263044157
1.2042234696605525
1.159120995499086
1.1769655535103976
1.2047223663726279
1.2490058121750223
1.194053623573148
1.215216258467955
1.0928921568627497
1.0740395809080443
1.1354888375673753
1.1412484700122656
1.0661363636363674
1.2108167770419587
1.2774468085106603
1.1507195152739362
1.2430323299888708
1.245042912104196
1.2002484472049806
1.177262313860282
1.0628053035589724
1.1074126534466566
1.2225714285714666
1.289576449384235
1.2234494477485263
1.1636264633814537
1.0970433953266452
1.2436393805309836
1.1684782608695787
1.1854709952102225
1.1656804733728106
1.2209534684556194
1.0860694183865054
1.1472611464968312
1.135224948875262
1.082447436806059
1.2017200938233055
1.1925983841543
1.117903930131011
1.224474089276561
1.1859866048429044
1.200687466948715
1.2324414715719463
1.148471615720545
1.1511009870919025
1.271939953810648
1.206353591160259
1.1097131353799838
1.1869419642857395
1.245581146223906
1.1388671365179073
1.1865768333765503
1.274436090225583
1.150510839770746
1.2147322642022516
1.1828691539674256
1.1072889102718286
1.2724828204362268
1.1820051413881918
1.2469410456062708
1.1633074935400616
1.1452303045557752
1.223383225077683
1.205730659025827
1.1572295247725253
1.1889224019742322
1.203516863649497
1.117531831537727
1.1492258408969764
1.1901856089499485
1.2694452597593509
1.163692785104741
1.1166338582677247
1.140439932318116
1.2753704221414968
1.1076211346481781
1.1960991038481932
1.1090252707581378
1.2130658715099116
1.2735849056604016
1.2051211453744857
1.1275534441805226
1.1627731725697228
1.1262312078797376
1.234199726402195
1.2066723211761765
1.20497881355935
1.196498562842989
1.1202072538860226
1.0434406743030062
1.2925092566220684
1.2363339679086642
1.1894273127753592
1.1946418808092112
1.2339383462979132
1.1979737130339665
1.16680140123957
1.2464207048458509
1.2314472561842789
1.2739079102715942
1.073114829245943
1.2437935843794043
1.2567567567568056
1.1864452912357302
1.2636801814573675
1.0917607494595263
1.214900484131257
1.216026898290852
1.144014173626958
1.10713404097754
1.1877133105802098
1.0511278195488727
1.145719489981795
1.170376258611577
1.2002673796791623
1.2350724637681623
1.1367735470941966
1.2231182795699154
1.1500516528925868
1.223446327683642
1.092955210443411
1.174791273902536
1.2364341085271557
1.185302669838772
1.2443710597418574
1.151605071486402
1.2262267812586938
1.0591265397536442
1.2536829699470011
1.2187584711304122
1.183963529096276
1.0913404507710607
1.1702020202020276
1.2556131260794936
1.2927127985303566
1.1947513812154882
1.1984832635983345
1.163551401869186
1.249539836970846
1.249132947976891
1.2212892741062171
1.1296156744536727
1.3160227992400921
1.1040118870728275
1.212235041588422
1.1607453416149025
1.2651933701657656
1.1049486014821952
1.2263531984691283
1.1633986928104658
1.135135135135144
1.2726186921469582
1.2638645650905014
1.1960526315789577
1.3027838598686534
1.191734607815591
1.1990178340656592
1.170068027210909
1.1554244678122683
1.214528351188922
1.1658202133062554
1.2762430939226823
1.2107728337236625
1.164746852397563
1.1879622545269288
1.305634604439443
1.1960839160839525
1.2469203394470736
1.2092517006803083
1.249930109029949
1.169278996865217
1.204893788652893
1.112013374731329
1.1765986394558101
1.1590254126277255
1.1536636794939548
1.2906304222093985
1.2385189437428694
1.2282519770930271
1.1818881477681136
1.2146181220914383
1.225922842076086
1.2148825065274165
1.1811085089773936
1.1646637688570831
1.070655926352132
1.1396155899626386
1.1912234042553278
1.2173447537473312
1.1977304964539384
1.2447219744276337
1.209564750134345
1.169024954978144
1.1531351486385446
1.2536643733174087
1.206869428421635
1.259936176385287
1.1268493815183223
1.239389736477152
1.1532656778558643
1.152742828384519
1.2600387704237126
1.1371115173674768
1.2838378069674736
1.154274152756733
1.167609254498739
1.257229413384759
1.197053918843838
1.193866066404063
1.2204951065054952
1.2339424141749944
1.1462093862816065
1.2487144790257203
1.1996830427892349
1.1303523035230578
1.2149954832882053
1.2356993111710564
1.1109716294250618
1.163717982571966
1.153654277874796
1.1980874316940069
1.2270163564580252
1.2020460358056477
1.1792890262751274
1.2956573468173846
1.2056851702869764
1.193636116399263
1.2143413873733662
1.1614569878584569
1.1872810563190628
1.227119595732775
1.1943944458729763
1.2840659340659624
1.2171610169491949
1.1831941544885425
1.2241813602015434
1.2482896237172394
1.1237016052880187
1.2164096916299743
1.2440177252585247
1.2273101179051593
1.3282127031019435
1.101351351351364
1.1785054132558994
1.1273222690116522
1.2099031216361933
1.2065663474692325
1.196027633851493
1.2487091222031295
1.1105288232491828
1.2389479574706537
1.1454410307234972
1.219336590383154
1.1266684114106489
1.1957831325301562
1.1993932708218618
1.2154448796866586
1.2704941445301834
1.3013198539736142
1.0951035781544332
1.1991614255765477
1.2018300653595098
1.1147037998583997
1.1769115442279157
1.2690938954284499
1.2410635155096243
1.2178770949721034
1.1630324543610697
1.110247693054887
1.1815261044176852
1.1978249611600578
1.1075268817204376
1.1561203319502142
1.2288298163880773
1.2325772068871677
1.1633476178472604
1.220276008492569
1.2035087719298452
1.2406695938529322
1.1805880822274575
1.2852133255406681
1.2556346381969505
1.263678696158345
1.2413492294272013
1.2109090909091298
1.1736631684157877
1.1008853681267594
1.2170500676590292
1.1128993514292633
1.128
1.1216216216216233
1.18039319872479
1.1246473454731996
1.0989717223650515
1.1088381851560594
1.2529053680133213
1.2577790465315564
1.1136767317939806
1.1880589163598305
1.2330304649919892
1.158097332966745
1.275263307714232
1.1401320616287798
1.2128980032380137
1.1056338028169055
1.1903394255874997
1.1729166666666815
1.163942670354549
1.192991770639782
1.1678183613030695
1.2572402044293323
1.2906908665105574
1.1013812874641777
1.2625516834022625
1.2536252487916144
1.1950422228275983
1.2023809523809836
1.2069846678024156
1.1164835164835287
1.0988666505907938
1.2095158597663132
1.2264202978488956
1.128497152760605
1.2538593481990152
1.2286039237987223
1.2439872500724736
1.2163665254237328
1.2673267326732836
1.2371864776445034
1.098890496864452
1.2708740575258288
1.2258676789588092
1.1920152091254859
1.1817484662576845
1.243370165745901
1.140653594771256
1.1985499163413622
1.2294725394235708
1.2253398900781407
1.2233243162008025
1.1983761840324876
1.140257771038685
1.1785432553247575
1.2588563458856836
1.1669734420194886
1.1758706467661995
1.1867487540310906
1.243031123139423
1.1800923550538858
1.1285923039454462
1.2247830802603152
1.1423815620998958
1.1807259713701446
1.2330786026201004
1.2541716328963564
1.2886052303861049
1.2189174705252264
1.1907877518974201
1.1693989071038364
1.1607371384694194
1.1592065106815963
1.2531886024423469
1.2261771300448823
1.1721592407065715
1.0796019900497533
1.1603919546157893
1.194567627494481
1.336976320582942
1.238109219025276
1.302128900554126
1.2686777558500648
1.2137856758212553
1.2213001383126145
1.1756109851347802
1.1549974632166562
1.0747009704355688
1.1538652746706597
1.146878198567058
1.2037804246504398
1.2366391184573
1.1777526181715585
1.2256244963739082
1.1437468858993758
1.2981062919975839
1.2273825503355802
1.273073542338159
1.2815389203698477
1.1612740141557218
1.1859706362153435
1.1308520599251008
1.1413939545340914
1.146537059538298
1.1396258028483863
1.1676741130092279
1.260323159784587
1.185036202735318
1.247085584304817
1.1906688241639887
1.1294180175392086
1.237492642731063
1.1113239166866342
1.0681036459527629
1.2021132484421666
1.1251802018260593
1.1514075576971876
1.0792641380876695
1.2589970501475383
1.232539252842465
1.1836846427594039
1.1791698891467097
1.224448897795609
1.0977606549482357
1.1758183738120542
1.211386399578303
1.2342762977204311
1.2888627681458054
1.206662735849078
1.234763596611138
1.1328200192492806
1.1547803617571175
1.1218899220909846
1.1566471163245364
1.1876750700280427
1.3061573546180718
1.225276282232959
1.1492832427088535
1.233762517882734
1.17191763830315
1.1163537549407194
1.1363967906637524
1.2392260334213245
1.187224097636983
1.1309380274897445
1.1302780638517118
1.254706217912196
1.0938570449874396
1.1891820580475192
1.179382495534591
1.1801952580195338
1.223170060539369
1.198900549725152
1.1032383735086413
1.233730268623663
1.1312760225324723
1.1998368678629805
1.1626384692850038
1.2589285714285883
1.1763136836489914
1.0108311229000895
1.2731638418079243
1.245123726346466
1.2395437262357623
1.2265912305516582
1.1647968087758804
1.2000000000000095
1.2398316970547227
1.1870290635091794
1.187417393602981
1.125778331257803
1.2036601307189543
1.2446527981248379
1.1506370222333453
1.2409808342728703
1.2241240973522582
1.223395613322542
1.144343302990906
1.1131360946745523
1.2159420289855374
1.1926988265971519
1.1590078328982025
1.2838323353293768
1.2787118837275997
1.1841881552848137
1.146299056135126
1.2429752066115896
1.1117471378795605
1.1916293761516374
1.3009506833036835
1.2371552975326945
1.1674066335858224
1.2007542790832821
1.1700051361068522
1.188367129135543
1.186181434599185
1.1647150663544206
1.2044313146233656
1.1420779220779311
1.1311128733809348
1.211706783369815
1.1051122790253254
1.214534727809088
1.136163982430464
1.2929378531073874
1.0426499242260223
1.2873335222442925
1.1893841793352553
1.1756685894074503
1.1662077596996516
1.128581577077911
1.1792695473251376
1.194894317869918
1.221273077982943
1.2273369104773089
1.189903217368575
1.2052962052962408
1.2366350067842635
1.2483162518301765
1.3218355404989415
1.1466193973157968
1.1179535765040363
1.0907398790135074
1.2013311148086505
1.0866160417655426
1.1357409713574176
1.1840983195385077
1.1282301316431191
1.056660499537467
1.2916666666666912
1.1659422142674687
1.2292855202390762
1.2796014067995738
1.256115531977647
1.1223417563172549
1.2065916398714032
1.1140577329265544
1.1671484888305115
1.2112271540470374
1.2511135857461093
1.1864363073749549
1.18768727867068
1.1046316294696552
1.230277777777792
1.3072727272727545
1.204918032786899
1.2078280044101635
1.1987029831388125
1.1935043668122582
1.1974860335195892
1.2053977272727585
1.2062663185378957
1.1455445544554634
1.183641160949875
1.2183135023279907
1.1852764094143635
1.194064516129044
1.1334167709637128
1.2214305289120704
1.2167003756140056
1.2569483834373696
1.1601642710472453
1.1599787403667439
1.1680787100300845
1.2309835608804944
1.2586598523566608
1.1971561389117116
1.1585492227979495
1.1341494516705044
1.2313226342003674
1.2448275862069216
1.2005361930295004
1.1618114406779956
1.2321981424148771
1.3035660773149547
1.197677487463716
1.1505430664309255
1.1793814432989995
1.1341734618235768
1.1938088829071545
1.1905254983173972
1.240136247516368
1.2364729458918025
1.2140099282956671
1.2486233480176192
1.097769340294266
1.2457191780822137
1.2769097222222656
1.2009345794392592
1.1655811623246657
1.207006369426788
1.18238822246459
1.1696215930140375
1.1777601690438557
1.1520807061790803
1.2351543942992975
1.1428221460068593
1.1491422246818173
1.298467087466245
1.2764741275571738
1.2246335963923756
1.1040883458646722
1.243882544861357
1.1695439319763268
1.258625525946743
1.1502231036192594
1.1430049133695601
1.1484637232119972
1.206797385620921
1.184929689572864
1.1523084245597357
1.096172718351328
1.210685761498225
1.2497873546924
1.1119672525885038
1.2521834061135493
1.1607901975494128
