1.09502685033856
1.2174160500854116
1.240346950195876
1.1245301929341198
1.1847182917417132
1.2562056737588991
1.2050577240242106
1.200264200792636
1.2174638487208413
1.1306367860071287
1.1832763607678338
1.110066090493141
1.1787012987013181
1.2875071306332035
1.131242158092857
1.11951281400661
1.214901306644434
1.0897315120113171
1.1992007377805465
1.1882291936738456
1.2529726516052673
1.1931307793923491
1.2707964601770414
1.2767780634104802
1.2947397717784863
1.1998892580288159
1.1802325581395692
1.1313456889605253
1.207880035283777
1.1407124681933898
1.1216808455787766
1.2759523117185556
1.198379435596568
1.2480752780154118
1.253743533896018
1.2525951557093826
1.2189988623435926
1.2134324396071232
1.2086521483225827
1.1623975409836371
1.1438154011269375
1.2650137741046903
1.1835388586177396
1.1330195689868896
1.2350475125768954
1.3189499094750001
1.2230656934306947
1.192223439211406
1.2541953232462097
1.2497858978019023
1.1793551882958564
1.2337206160497427
1.2582159624413407
1.1235443037974826
1.155261022450663
1.1811251314405957
1.2493786246893195
1.1624203821656207
1.2091808686091585
1.1367226061204427
1.2561078348778858
1.138410084898393
1.1244667503136856
1.1941775836972721
1.2019731433269663
1.2874749211808731
1.200740544829432
1.0110779718789942
1.161176766406865
1.1640984049743277
1.1811246114721925
1.122184133202763
1.2254849137931243
1.138526987503345
1.0774208458516314
1.2203107658158021
1.1714719271623704
1.193114577729975
1.1524941845438357
1.1752767527675334
1.2307490144546724
1.1322869955157049
1.0798714144411543
1.1443190763579207
1.1633042529989372
1.0780222272624311
1.2386808272778311
1.1678486997636057
1.0741540676745898
1.25982219673074
1.1606557377049334
1.2267317668599778
1.1623461639172612
1.15051282051284
1.1673673147661838
1.2250719706883122
1.1845206213176296
1.1601443241743132
1.1339218158890478
1.1839957883653667
1.2234099412079136
1.1686844229217326
1.339820359281454
1.224869898657921
1.1993127147766418
1.159657516998263
1.2628785513581282
1.2244243660740672
1.080671871303529
1.187875477880955
1.1764852720918817
1.2646638054363681
1.2795984647180536
1.1941018766756144
1.138744105237031
1.1640833778728226
1.1192573196857967
1.2207092198582021
1.1905432029271412
1.1760881854155107
1.1405462741978458
1.1450189155107406
1.1892269048283721
1.0795533845080356
1.1171337916446487
1.2129120879121007
1.2286255411255511
1.1497474747474625
1.123954746679795
1.115375668760189
1.134374200153577
1.204060385216069
1.1847466960352724
1.2061281337047578
1.133839706652712
1.1341308220921584
1.1155880130949478
1.192831753554541
1.2562536358348124
1.158190646562743
1.2472956730769695
1.1410290589176408
1.1443795990865506
1.1446197991391924
1.1953842119066473
1.1438152011922713
1.1089494163424276
1.1103835360149712
1.1847854022102609
1.1456410256410006
1.1676059789267381
1.1162187647336352
1.2198047419804858
1.0511467889908337
1.1043478260869606
1.1730713666570567
1.1561934316007343
1.1511328527291727
1.1709968186638449
1.2150211992731923
1.178125829572629
1.1645342886387118
1.2351800554016845
1.14549462661892
1.2443876101165545
1.2097418152781694
1.1692844677138021
1.2031528095601403
1.2361033127456913
1.1287758346581986
1.2441924778760938
1.1074595722483116
0
1.2818676596964074
1.2092274678111696
1.1897735945052366
1.1882007474639789
1.1884775808133479
1.1610417220303175
1.1672292910932351
1.2455676104789615
1.1616832779623754
1.1760021965953
1.1702644360496681
1.1781996325781139
1.1163402513885028
1.2441558441558282
1.2555296856810723
1.2284249501566884
1.3046041549691394
1.1361445783132702
1.1976872246696422
1.0991099350493188
1.136607394863129
1.1697674418604762
1.1920547945205755
1.227945361411535
1.159472731972113
1.2469602810051783
1.2319573153608865
1.092242665340629
1.2670344827586624
1.2461365552121468
1.1883826272315685
1.0853629129491338
1.1346153846153975
1.2347921827691057
1.144359716013693
1.2615683014685926
1.2030206215510098
1.1591083781706606
1.1714719271623761
1.1899569583931493
1.0913378009431645
1.1283479183240641
1.221990620114618
1.1468177434908498
1.1526147278548797
1.2111657506508915
1.0690537084399048
1.148486430062623
1.1180139122091628
1.134391272005962
1.1179538117705503
1.1946308724832617
1.1019517205957985
1.3209807745889826
1.2237623762376684
1.111528459982683
1.2359550561798247
1.1374007936507986
1.1802656546489843
1.2005971769815484
1.227056019070367
1.1483870967741998
1.1905398182790163
1.2875857766687862
1.1426282051282288
1.1614183646467604
1.1489308176100703
1.1407254952405586
1.1826895149579162
1.2170585019136582
1.1814219558703674
1.107892831281683
1.193539246245421
1.154797979797999
1.240571428571477
1.1991341991342095
1.190889370932765
1.1408987052551451
1.1600421163464278
1.222016651248883
1.1422521175884528
1.1780487804878217
1.1639477977161679
1.1609165808444897
1.1889046941678858
1.1320649132624694
1.1336053034166356
1.232314657611793
1.1131199609088704
1.2175351530190575
1.1685082872928432
1.1517381375285507
1.2710592160133956
1.1340155945419317
1.1975373329840295
1.2111111111111175
1.2492677211482601
1.2461794943039675
1.0840532337146935
1.1992930940728928
1.1739130434782827
1.2198888202594604
1.145959595959597
1.2355191256830926
1.1357010336602402
1.1842726081258417
1.1918589577391896
1.2430846605197445
1.145539906103296
1.1882480957562471
1.2218290691344824
1.212146655471624
1.2090707964602134
1.18816658202134
1.1292565947242348
1.1642380834774102
1.2058183795541442
1.241618846270048
1.1371084337349522
1.2766439909297307
1.1184210526315834
1.2331027142097164
1.2593309372408212
1.1765341984320226
1.1963687150838365
1.1784723972775586
1.1627118644067944
1.245566576495385
1.1063625450180083
1.159528084124142
1.2397759103641914
1.2184105202973468
1.177497314715368
1.2208456773498768
1.191392675755156
1.1815172413793327
1.1203410475030557
1.1060645161290348
1.2297599106644739
1.150426466787292
1.2052356020942387
1.2294492111818742
1.1642710472279483
1.1623596972070191
1.1278463648834243
1.1620358348480986
1.1264862130028017
1.2144522144522212
1.1985486211901661
1.156054279749485
1.1072639225181777
1.1832624113475376
1.1808297567954529
1.2071547420965427
1.070853822083154
1.2673153978248781
1.1882902693788142
1.1756366500393993
1.1717252396166327
1.1512651265126792
1.1761800219539185
1.067988015671818
1.1902452169226745
1.1786548948325237
1.1628458498023762
1.0964365811114054
1.1899856938483915
1.152385974162951
1.0909090909091
1.153676470588237
1.1090311156084007
1.1678750697155824
1.0882852292020442
1.2104400109319857
1.2776219854178668
1.1539237951047279
1.243661971830998
1.1884605014829055
1.1247479838709857
1.169665809768642
1.1562338334195639
1.2445533769063413
1.1840386253905388
1.2025792584632025
1.0443360673908246
1.1796854172220868
1.2214043035107716
1.1325209444021387
1.0867959372114555
1.157146688120149
1.138050734312436
1.2234012845574183
1.2265381343918762
1.2249698431845775
1.178620125443171
1.1985596707819035
1.13958868894602
1.224553444854008
1.2077375946173512
1.189626783754145
1.2220129171152048
1.1123786407767011
1.2842436374035464
1.2154622741764372
1.212754970307256
1.1627414659963193
1.2002673796791596
1.1545503500269414
1.2142454954955237
1.0645843118835254
1.2163396936307542
1.1766103484688761
1.1847826086956603
1.3098466981132302
1.2002345353269195
1.1637503264559999
1.1091166745394505
1.1104594330400837
1.132779097387174
1.192580469176242
1.138783749684595
1.0892105263158034
1.2013642564802525
1.1676418214195101
1.2447512223180972
1.103841387856262
1.192021276595748
1.1257668711656579
1.149054505005587
1.1737779033625466
1.237492811960926
1.140420271940691
1.270665009322617
1.1593790426908428
1.207169214549296
1.2024782494068047
1.0784998835313433
1.2246335963923691
1.1048387096774361
1.26258890469422
1.1542750929368086
1.068668528864065
1.2335418528448339
1.1938943894389749
1.0833528447670333
1.1384194831013952
0
1.1036525172754317
1.1581240389543954
1.1637704054765936
1.2274745364325097
1.1211321659870503
1.1273307163886253
1.1523757509557693
1.1271165644171979
1.22502837684451
1.152694610778461
1.106477166821986
1.2229430846358407
1.1826330532213016
1.1730418943533807
1.1170984455958752
1.243552246742924
1.1357902547613377
1.241037988229043
1.1669303797468462
1.208100186517462
1.2221288515406403
1.1487309644670014
1.0933614825240472
1.0655409908909117
1.136559412211817
1.2221877905175391
1.1539800995025093
1.1657317695053544
1.1771739130434962
1.0717948717948835
1.1973129610116178
1.182087143625612
1.148285220824104
1.2327705507887967
1.1491668870669214
1.0617059891107103
1.1748704663212397
1.1773858921161937
1.1780604133545498
1.123943661971851
1.227905655015658
1.1235955056179958
1.2050220750551999
1.2755617977528355
1.208142201834902
1.1347670250896058
1.1387744593203102
1.2348654708520388
1.1340257171117807
1.1457948853150786
1.3185812931576297
1.209401709401714
1.1100268358136165
1.2121776123371708
1.1789414729767846
1.2459429210968307
1.2227525855210966
1.116876574307324
1.2727773190201235
1.1542635658914968
1.2652567975830915
1.1222424085128613
1.292944785276134
1.2798038614772147
1.1788955146486961
1.1245357761822403
1.2007700770077392
1.1243961352657112
1.1867421180275206
1.2629650507328494
1.2729044834308079
1.2105410709279583
1.1470202152796192
1.2097518753606789
1.1275294117647103
1.1424738395492604
1.181005586592208
1.2745599091425532
1.2215309710576199
1.1933152664860358
1.2053783284998767
1.15272448196471
1.1886235578213376
1.2052998605300025
1.2331061896649889
1.236270022883307
1.1898870360409053
1.1671404206936085
1.2398557258792149
1.1575152523572099
1.2106530243755995
1.1276543812545952
1.2743920744521369
1.2278940027894087
1.1861370716511288
1.1365865620402225
1.2513089005235711
1.1544284632854154
1.244728079911247
1.2862562007586913
1.1779523293607834
1.1282380097460938
1.2449451184286802
1.1402192729371097
1.2434625788999547
1.2110249784668508
1.2230316615298604
1.209626512361945
1.1676454885211176
1.1104211663067152
1.1362175525340052
1.057070822828338
1.1470588235294343
1.14804469273744
1.1978669660398797
1.145021645021668
1.197606456999758
1.0982783357245476
1.2351611079706322
1.1880824625812247
1.2471943295924686
1.1627906976744284
1.115674551598666
1.2287350054525805
1.1762328213419735
1.2806432038835143
1.1269963936115508
1.2198820556023784
1.1720917822839148
1.1242490442381388
1.233688233688247
1.1808398950131331
1.2082695252680329
1.1099233093190888
1.215771898278964
1.063834951456315
1.1756329113924329
1.1912225705329516
1.206730769230774
1.1206982543641053
1.1891891891892055
1.2409259788511298
1.1593090211132584
0
1.2032221594121089
1.2409259788511418
1.1782122905028185
1.2082497851618628
1.3694286568950473
1.079697782110667
1.2480261366730456
1.18091913903435
1.2251636777682986
1.2188466947960857
1.2201634877384238
1.12103896103898
1.1713541666667011
1.2595224559409106
0
1.2336525307797956
1.1253294991612817
1.1820847773927023
1.2050078247261329
1.1362426822778267
1.1464500916950615
1.1961943944459001
1.179387331256498
1.1657685399025084
1.1357200106866272
1.2182023742227468
1.175254965110056
1.055490242181992
1.2295861297539485
1.1977266719534772
1.1607052896725492
1.1792808649735977
1.101843317972367
1.0568055246157264
1.0155882980995095
1.195695839311358
1.1596919127086094
1.1308840413318244
1.1088905969766916
1.1166544387380866
1.1658197378978636
1.2766809728183341
1.1988527724665754
1.268798617113242
1.1633868461936934
1.1991253644315245
1.185769656699924
1.203745108999476
1.2258566978193508
1.2946327683615908
1.253553155201862
1.132389468455047
1.1666227954725013
1.1047107639736524
1.2427712567993334
1.1726158763985257
1.2102751263335458
1.2353426919901278
1.1899367755532502
1.1153846153846252
1.1827842720510275
1.1927953890490257
1.1882775781034158
1.2088589029041186
0
1.1953992596509952
1.2127050247331372
1.211436170212779
1.1039861351819769
1.2321948636484095
1.2051912568306125
1.1182408074981949
1.1881109643329133
1.1106094808126585
1.1424716675661368
1.1147340034322282
1.056680161943322
1.2050000000000363
1.1520940484937812
1.1255442670537141
1.1485760343901312
1.1681034482758772
1.1292394655704072
1.2219409282700828
1.2282608695652601
1.257909604519813
1.1181178753335044
1.203628002043942
1.1577080491132494
1.1709090909091062
1.2191927292168054
1.2299583911234657
1.2171143727499485
1.168383947939284
1.3425551756294918
1.2115746971736268
1.1892497200448178
1.233522727272769
1.15005086469992
1.0796684319594767
1.1948232674645272
1.201082312731453
1.158681805594044
1.2406615340747424
1.2024733966062997
1.179704595186027
1.198736509607797
1.0929954578054126
1.180700347500676
1.148699891657652
1.245819888530398
1.261363636363679
1.1527921406411807
1.2700773349197068
1.1297212815837565
1.214046822742497
1.0948004836759417
1.146427601195355
1.1454971369078764
1.2116847826087362
1.085269461077844
1.209931686810336
1.143729330959067
1.2367564368156323
0
1.2001220256254135
1.2473236343673217
1.1173881144534208
1.2145101399600515
1.2318259874070234
1.1669028053273065
1.1370059880239551
1.1285641547861724
1.1781654771345593
1.1915739268680596
1.1594164456233695
1.1412139011257985
1.1186058174523623
1.1274193548387323
1.26091954022992
1.1138506163886945
1.2263995609221017
1.169951442445049
1.116835994194497
1.2439640651319905
1.2054794520548324
1.0181496237273149
1.2021511307225843
1.2921068986948823
1.0989695662592989
1.175881911433592
1.1721532649757294
1.1104131432713398
1.1769014084507206
1.0952495201535548
1.0927517074245607
1.2011539470233756
1.2041085067158508
1.161607644744266
1.1485658249571087
1.12739541160596
1.1661822985468995
1.1592602815346666
1.1630806845965989
1.2034823284823324
1.1343496903287482
1.16823182184065
1.1935297515887144
1.1177859391395666
1.157142857142875
1.1596993893846874
1.164332166083055
1.1388028895768911
1.2621445497630654
1.1890600106213653
1.1711363008017879
1.277989130434786
1.2103761348897484
1.0959324635456746
1.1103033341689683
1.2433908045977415
1.1373274161735816
1.1320754716981198
1.1996283514733255
1.2424740010947353
1.2086911267239289
1.2074223245109492
1.1557905597111091
1.203225806451654
1.2558678643871841
1.0983772819472604
1.1230585424133932
1.2234574763757704
1.1155510307966512
1.2120481927711166
1.101660795168612
1.2073394495413203
1.1088601415670087
1.1810889645114226
1.156607285296492
1.1507550550294514
1.162882527147088
1.183837822827009
1.1818682832736385
1.1399042097302883
1.2166976867854518
1.157765801077927
1.1633970056789038
1.1659096981031396
1.1688619599578582
1.0409540954095404
1.1654550012534242
1.1669510114550288
1.1287860132972236
1.1949717804002231
1.2153725078698903
1.2336836283186168
1.1789828603540649
1.2122838401908589
1.123435582822087
1.2383028189480192
1.1967785234899564
1.1922141119221612
1.18314703353399
1.1763907734057268
1.129306040938598
1.1422944362383287
1.1997910681640245
1.2034368070953725
1.1255871446229926
1.2197175448126008
1.0947446336047528
1.2056397978185966
1.155106219605838
1.1939458880257523
1.1733532934132023
1.235327313769792
1.1761879337960677
1.1977584059776107
1.1756557618626828
1.127898637341639
1.1732343909928644
1.1390180878553098
1.2511976047904332
1.178356713426858
1.176331671477311
1.1702838063439145
1.220597014925408
1.107228338918146
1.1860597439545146
1.1595434032386571
1.1219269927986166
1.1311475409836078
1.2345035655513001
1.1280534841861778
1.2370455196106953
1.15898734177217
1.1627841706427453
1.2064732142857528
1.1148648648648665
1.1529533144183708
1.1601954229879314
1.171743025339145
1.0930634411256568
1.1638830897703842
1.15546875000002
1.1646178514163839
1.144067796610194
1.1703494347379406
1.253878702397771
1.1557481519245654
1.1253018513550004
1.074181332145253
1.1980650362805803
1.1607821835958891
1.2031250000000402
1.057781713526676
1.1685150121720476
1.193530079455192
1.1116858687985127
1.0934484509903615
1.1844660194174943
1.0905823148813902
1.1547866805411122
1.1595219537542396
1.104161475205597
1.2207828780625305
1.1287860132972374
1.1792915531335193
1.2649243466300288
1.1350531107739221
1.2366034624897382
1.1980252331322276
1.2208135235076933
1.2961526990754852
1.1268414481897804
1.1096270161290371
1.067956795679571
1.2308758314856256
1.173512374934197
1.1766004415011146
1.11970766129033
1.2407156410951625
1.191279522450076
0
1.1995477671000832
1.1930706162390725
1.1419126328217464
1.22560092673039
1.172124492557541
1.1968013011656546
1.1461340206185677
1.1511392405063394
1.1144657390391266
1.1721290322580777
1.181435782389259
1.160859313597079
1.29510657460228
1.1056987467486454
1.2020033388981863
1.186090225563934
1.1355452674897235
1.2378976486860644
1.1614583333333373
1.1793464052287856
1.1371804606428841
1.2255093497069598
1.093473193473206
1.228408473655663
0
1.092904169714711
1.203654661016962
1.162403774522005
1.2143464700879214
1.2427071178529856
1.1281729077657912
1.1004409603135827
1.2317487266553666
1.1539783889980386
1.165195460277428
1.1607681755830106
1.2082304526749152
1.1890070002592983
1.2576470588235729
1.253805701633023
1.1345436458592382
1.1001908396946725
1.080656673804431
1.1785258862535197
1.1955628594905858
1.259094942324796
1.0993394980185136
1.2101333333333568
1.2365921787709708
1.0679471788715549
1.139421847019717
1.0855165595650091
1.1510267741097227
1.108555885262128
1.1723598435463152
1.1223535204332993
1.1236816874400914
1.194704908990657
1.1779776505860013
1.2157909525147912
1.2407940161105002
1.3383790602334027
1.1758999234107939
1.164599483204164
1.1728859060402896
1.182877269032784
1.2420303311668675
1.1607427055703043
1.1823725055432672
1.129295774647904
1.2136706135629804
1.1462655601659815
1.229573010015827
1.1383798140770491
1.2045129962868084
1.1000240442414189
1.1777998510057204
1.210359408033838
1.2118530437114858
1.2513008876645615
1.1448094612352366
1.2028985507246548
1.1905124302384786
1.1911724137931292
1.2331374195354377
1.2479338842975685
1.221145625534358
1.1619736502196043
1.1963380281690448
1.073211713874224
1.1568170036288303
1.1004173827645587
1.1056289089645719
1.2568755316133051
1.145605824232992
1.215039917589492
1.251015670342465
1.1938948558508016
1.1373248407643537
1.149365777892842
1.1908318310584625
1.056820795951233
1.2001128986734588
1.1641671130155422
1.1607378129117423
1.1310309801930118
1.1238509917755344
1.1375186846039047
1.1649668536461217
1.252769679300337
1.1956896551724472
1.1365660564077238
1.1801024534915372
1.111467324291017
1.200217924271353
1.1290007329587188
1.2731677771048102
1.1767838125665808
1.1469281045751836
1.244517873235252
1.2131851477646276
1.1269389865563633
1.2386831275720604
1.1856335754640948
1.2488687782805803
1.255678670360142
1.1086749285033388
1.1631132802466175
1.1843928894245637
1.1633903497574825
1.0705937353903774
