-0.8413266472347974 	 0.09713106519358244	 0.0 
-0.7114055510335591 	 1.1388245860404018	 0.0 
-0.5168641306708164 	 2.1195112788917507	 0.0 
-0.23930790814509303 	 3.131918028152951	 0.0 
0.09347997556088417 	 4.074703782304448	 0.0 
0.5129656184872469 	 5.037011777694233	 0.0 
0.9771588658049175 	 5.922515805306272	 0.0 
1.5299505889812646 	 6.814942941491702	 0.0 
2.1160068083298946 	 7.6249619915981075	 0.0 
2.757282814907841 	 8.392006864574856	 0.0 
3.486612577140491 	 9.147045261303177	 0.0 
4.229625068589248 	 9.81609367775355	 0.0 
4.990170614579232 	 10.465375126245998	 0.0 
5.793614196448294 	 11.14137324658346	 0.0 
6.6020046178483005 	 11.811447850291966	 0.0 
7.415298207704317 	 12.475562738429145	 0.0 
8.233451030061172 	 13.133682034010077	 0.0 
9.017121411554431 	 13.754855649074202	 0.0 
9.805120772996846 	 14.370528397576173	 0.0 
10.637136915740387 	 15.01103147029367	 0.0 
11.473838239986733 	 15.645401978711886	 0.0 
12.275011128344138 	 16.243831531660856	 0.0 
13.08035336070644 	 16.836638258727394	 0.0 
13.88982547546536 	 17.423793112500512	 0.0 
14.70338780864926 	 18.00526732250987	 0.0 
