1.041793135652586
1.0281690140845083
1.0612021857923584
1.0544217687074915
1.10307206431239
1.0385002516356352
1.0342448879034236
1.0717131474103634
1.063966480446937
1.0610842453550615
1.0605263157894829
1.1014267990074544
1.0543314972458757
1.0357772738725122
1.0505025125628211
1.0528061224489815
1.0922712933753984
1.0787827076223118
1.1180048661800723
1.1594158807423514
1.0555127216653841
1.0421860019175542
1.057085484796334
1.04889768230639
1.0507055728294747
1.0313769751693
1.073504273504288
1.0643120716921455
1.0777294809511715
1.0803732691150079
1.0507325013564788
1.0809095716552126
1.0351842987075153
1.1455301455301754
1.0492014425553924
1.0864197530864332
1.0520311630495351
1.0314313346228245
1.0935230024213254
1.053312629399595
1.0427170868347402
1.0828220858895816
1.0681213411389094
1.0799660921164198
1.052404105888711
1.025319451017513
1.0425477707006392
1.0634132086499173
1.0277421012072965
1.0507885592087765
1.0709261430246306
1.0870342771982222
1.1094003241491301
1.03629343629344
1.0528552456839404
1.0587899543379053
1.0817865429234463
1.048905109489051
1.0740740740740797
1.0621540010065496
1.0628498727735414
1.088365650969546
1.0487630827783105
1.0839832033593448
1.0583960550220637
1.0171926519076802
1.0720695457094886
1.0796329188869205
1.0190096221544245
1.0405265875064535
1.0262910798122082
1.0434892541087282
1.0757812500000108
1.0287698412698427
1.0751702462022117
1.0592274678111704
1.0971514242878746
1.0564858785303706
1.0444619836885085
1.0697543066930286
1.032337694396447
1.0497106785902184
1.0813920853213737
1.0661683277962435
1.1029278599456889
1.0239963082602688
1.1194206325746616
1.037803138373757
1.113161465400292
1.082453051643208
1.0583399628745718
1.0876623376623542
1.0064408892582588
1.0435674013326495
1.0401997503121156
1.0560871876661384
1.0458156779661019
1.0412916887242
1.0574034334764024
1.026428571428575
1.0560747663551464
1.1286379511059588
1.1033714126497827
1.0800000000000178
1.1350472813239045
1.0789392537773685
1.04069329314243
1.1156879929886296
1.043642785065593
1.0464516129032282
1.0414830178895547
1.0867272194550368
1.0759672408924168
1.0537580886013027
1.0483417650365447
1.0703489969771915
1.0121559633027533
1.0772017837235295
1.1181268882175457
1.0405947604437102
1.076289791437985
1.062210095497955
1.0690174804098924
1.0620155038759727
1.0881506670154448
1.0689858490566102
1.0669398907103946
1.0364269141531324
1.088833883388354
1.0492776057791575
1.1040929762506333
1.0583591767691105
1.053909794502277
1.0403330731199607
1.0532319391634986
1.038226705601279
1.1075931633510987
1.0448896779102224
1.060900264783763
1.0716142073346893
1.050395778364119
1.0625360230547571
1.0611709874745239
1.0458452722063103
1.0746349378042208
1.0493922937677818
1.1019936434556716
1.0669174952969733
1.0665481330962774
1.0710167714884786
1.0446106240330135
1.1123361144219537
1.0987341772152075
1.0478821362799324
1.0509090909090981
1.0639616793463067
1.0365482233502603
1.086004273504289
1.0822259136212709
1.0674300254452962
1.0589543937708683
1.0559691204852544
1.1089983931441039
1.07421758569301
1.0383370674632824
1.0758122743682446
1.0600550964187399
1.0971320346320428
1.0950184501845137
1.0191812865497074
1.0365702989869061
1.0235063663075452
1.0660000000000047
1.04898911353033
0
1.06198347107439
1.0733703595440058
1.0842792281498455
1.0425196850393743
1.064657694558225
1.023963575365445
1.0710805388363538
1.0616883116883102
1.0605216510509035
1.0822118197776645
1.0731707317073305
1.0516962843295663
1.0434544957638778
1.0324418028727147
1.084694159977868
1.0566361556064154
1.0549059481443914
1.0941241993873745
1.0610727562400515
1.07767584097861
1.0826760151913681
1.0545898967952274
1.0832389580973993
1.0688843096850273
1.0573248407643374
1.0967450271247936
1.0773524720893242
1.0470369386128104
1.051628276409854
1.0527490929388803
1.0477393281131642
1.050065876152841
1.0524130773222702
1.0508014126596072
1.061788154897506
1.053448714685681
1.0463541666666665
1.078284182305628
1.05918524212145
1.0449809402795418
1.0898576512455678
1.0761768901569262
1.0461501673840354
1.0687349558705657
1.0757409440175774
1.0542465753424757
1.0276585598474062
1.0784263959390874
1.1007235890014606
1.043224866440022
1.0796433878157659
1.0516710120881776
1.0557284299858603
1.0675990675990792
1.0230568100784452
1.0654427006218679
1.0722962962963034
1.0501467057882186
1.0422872340425549
1.0559830193685429
1.107949790795
1.0577869914485694
1.0696330540306342
1.092432432432443
1.0771794871795
1.0327950310559022
1.0764068146618517
1.0640960163432147
1.066200215285254
1.053694990312769
1.0983879933296463
1.0792824074074185
1.100680272108853
1.0353913717385703
1.0056580050293389
1.0492047713717694
1.0780626780626927
1.0355758266818686
1.037866158609194
1.06905853790128
1.0541760722347635
1.0233535730966845
1.0542825968357978
1.0457038391224882
1.0516332982086447
1.047519582245433
1.0756210756210898
1.057370722922571
1.057086055097995
1.084274087687068
1.0558848433530894
1.0897284533648297
1.1227909811091057
1.044920877998979
1.0589660743134173
1.0487745098039265
1.0593443407513845
1.060744985673358
1.057922584238377
1.0756467941507297
1.1076408254322547
1.0506842372022305
1.0524707080998559
1.0691445750205066
1.0361256544502666
1.0361990950226245
1.0580912863070635
1.059526973159724
1.0582971800433887
1.0666859959408639
1.045685279187816
1.093010606472685
1.064378824155364
1.082954545454561
1.0458344567268827
1.0658882402001721
1.0772190162132496
1.0299018488929508
1.0423596673596733
1.0235032162295907
1.0850099178237624
1.0528207964601868
1.0557790292303648
1.0577845066868592
1.0438124519600325
1.0451086956521798
1.0718612334801834
1.0688415814210679
1.0406569736133575
1.0427160493827208
1.0534069981583796
1.0317940953822873
1.0700869077656383
1.0240904621435594
1.0540393013100484
1.0471231450143221
1.0785671282360179
1.0787861915367554
1.0951838130521563
1.0384050880626259
1.0808801665180061
1.0396866840731143
1.0770266630756922
1.1501416430595124
1.0602439631565859
1.0560772739468853
1.0397270290031717
1.0311265969802537
1.085794655414915
1.0586411779901945
1.0433203631647265
1.0654745529573637
1.071611253196941
1.0778050778050863
1.0586070959264122
1.0503077334760593
1.0408565099680107
1.091350271196121
1.035971223021588
1.0579635804052405
1.0922994365441514
1.044439431536207
1.0659163987138385
1.0841571609632554
1.0807149034304
1.0891117478510062
1.0519989547948845
1.0663062037564157
1.0385000000000018
1.0716845878136319
1.0437531613555915
1.0451918024172435
1.0529887757765615
1.069407367859051
1.0231062410671758
1.051848049281317
1.0490142387732782
1.086142322097377
1.0579017264276322
1.0696049449072915
1.0376151484135128
1.0797468354430408
1.044092147634384
1.0285082329810773
1.052454780361766
1.0844504021447698
1.0962732919254843
1.0564652738565803
1.08172661870504
1.064798598949222
1.1061653303843089
1.059853190287984
1.0491626148028164
1.04253214638972
1.052244683644002
1.0348633057436678
1.0655786350148488
1.0303951367781177
1.0455502896261264
1.0975270908585886
1.0419974391805396
1.0623823608497023
1.0503745802118336
1.046675358539769
1.0442297915607535
1.1200237670826085
1.0445936226324632
1.0538757559098484
1.0962296004502081
1.0542841937200658
1.059773013871385
1.0623349181193853
1.0829670329670493
1.0395665322580647
1.059709980096684
1.0725921691912021
1.0458839406207856
1.0512609649122853
1.046933333333334
1.0678531701891074
1.0644171779141218
1.088296296296314
1.0689475058762075
1.0589700996677827
1.0398285858331227
1.0250673854447447
1.0577553593947135
1.0422916154413597
1.0587131367292293
1.0379453956501608
1.044076433121018
1.034491907667818
1.0690615427457655
1.036228287841193
1.0796801764543789
1.0323137641835225
1.0405271009448107
1.06423473433783
1.0386473429951755
1.1078320090805693
1.027288514016378
1.0688357085238083
1.0452784503631969
1.0764559757107486
1.036460865337873
1.0295113691340148
1.0545454545454658
1.0337355331199252
1.0584397163120622
1.0347136126952696
1.0635641316685631
1.0141732283464573
1.1168424052436727
1.0757014293276954
1.0685272174633957
1.0844042056074885
1.046523922812585
1.0346923271714403
1.060439560439561
1.0634696755994475
1.0931563882383613
1.0303803931580309
1.061423918101453
1.0689655172413834
1.069077013521471
1.0659860557769
1.0587146257603914
1.0472936030617888
1.070305801657625
1.0460772104607718
1.1000822593912996
1.0433249370277136
1.0625839376846709
1.0381530984204166
1.0155415250121416
1.0274434280211888
1.0318754633061549
1.0313797877249704
1.0872667398463218
1.1250369494531764
1.031204644412193
1.049341255489539
1.0821710127350075
1.0846223839854596
1.0277846078190358
1.0304632426988938
1.0538068334678545
1.0797000833101962
1.0662094434186347
1.069865541787515
1.032082794307897
1.0360248447204985
1.0315326957870241
1.0569989395546229
1.1003082095825283
1.109327680193845
1.0753615127920035
1.0614110254213103
1.0331929650730773
1.0698065601345728
1.0992458521870483
1.0570107858243467
1.0381970970206318
1.1047752808988816
1.0597796143250755
1.05693753454948
1.0719445247038566
1.061506385196776
1.0351214818378704
1.0742633794347718
1.0389821331889557
1.0441700308715283
1.0493308842823381
1.0247239558329342
1.0500366121552362
1.063439978124155
1.056138509968527
1.0612183353437947
1.0523400720022265
1.1410018552875991
1.0907103825136755
1.1066447908121624
1.0500821018062454
1.0433429118774027
1.065093803297339
1.0763790664780832
1.062623413258119
1.0388786035440378
1.062500000000012
1.0463291139240496
1.0550792413614003
1.0721518987341874
1.0794246404002594
1.0348499515972915
1.0954198473282573
1.0653049482163486
1.1506493506493831
1.0470846547938581
1.0826112073945855
1.0900529723366856
1.0659190371991372
1.0556983718937565
1.0369169368919964
1.0439621591541473
1.0235732009925569
1.0282248081208234
1.1033802816901461
1.112427745664759
1.0326613932125577
1.0592353257942988
1.0986916951080885
1.053303720155475
1.089703808180542
1.0488066505765634
1.0546184738955844
1.0561768530559275
1.0257250945775562
1.0660685154975555
1.0570095879761694
1.0558629776021125
1.0445480445480455
1.051769677760177
1.0738419618528658
1.0295554469956048
1.06320000000001
1.0520138703654336
1.063997744572891
1.065881693299704
1.0823723228995163
1.0486618004866206
1.0356861716085062
1.0381130063965947
1.0533586132177701
1.0468594217347986
1.0834743372814597
1.0790598290598437
1.030749354005173
1.052592408831562
1.049634273772211
1.0614540466392397
1.1127141568981278
1.0338107536980523
1.1002057008522006
1.0529475982532834
1.0568570676493858
1.1339554485249939
1.0233791275006032
1.0616554054054104
1.0759941089838083
1.0459183673469412
1.0389045303301787
1.0277988375031595
1.0517464424320895
1.050896624472581
1.0461189516129052
1.0487601003064944
1.0799546356677212
1.0196675251697518
1.0500267522739477
1.062559694364863
1.1409295352324127
1.0633047210300546
1.0746111257579731
1.0771840542833058
1.0564128509992508
1.0958980044346023
1.0412371134020693
1.071190211345942
1.0796590241034754
1.05728886498118
1.0588235294117687
1.0692563250702878
1.0649423671633522
1.0556483027267742
1.0438489646772293
1.0311004784689044
1.0310574315997076
1.0739644970414177
1.0650557620817944
1.0738478622987333
1.0661157024793386
1.044074953813679
1.0706896551724274
1.0386266094420606
1.057410661980088
1.0400000000000014
1.040483701366983
1.1002659574468143
1.0588394793926357
1.0681373917900088
1.1051244509516953
1.079430293070405
1.041656018400209
1.0884261763115215
1.0501432664756525
1.0343434343434343
1.0648942252715934
1.1002044989775097
1.0788850907178689
1.0457324529224825
1.0391173520561747
1.084755403868048
1.0463320463320545
1.086761603375538
1.046830530401043
1.0727585219134983
1.0511099638616408
1.0788599889319457
1.0840987370838295
1.101854493580606
1.0552516411378627
1.0438733125649073
1.0823937554206575
1.0783619817998114
1.0479057591623135
1.0353452963567218
1.072598253275112
1.0550788818156758
1.0526170798898136
1.0230215827338132
1.0696629213483273
1.0409876543209948
1.0869934825729834
1.0439751552795073
1.0853185595568025
1.0193396226415103
1.038922155688627
1.0567164179104525
1.0648591174907038
1.1117189749496326
1.1562216167121067
1.0444504310344869
1.0520889853499813
1.0522253666066468
1.041729135432287
1.0282808236169698
1.0343148620449856
1.0703820741166445
1.0391004344492731
1.0588235294117752
1.0589791060566
1.0601503759398554
1.0500838725137813
1.0815375655212631
1.0540027137042087
1.0499065919402217
1.0143868968570178
1.0449826989619369
1.0426687354538418
1.0780460415497057
1.033807829181499
1.0568828213879473
1.0664827586206962
1.0266570605187348
1.1104486087450487
1.0481601731601737
1.0319320009189077
1.1090643274853904
1.0594405594405603
1.0713504647348326
1.0643289606458202
1.0424936386768477
1.0434083601286215
1.0461210343908358
1.0868087735557759
1.0423254682558964
1.0378619153674862
1.052544704264103
1.0402568535440904
1.0642727036169737
1.0483221476510158
1.0656660412758
1.049836395670786
1.0725083986562285
1.046226168712466
1.04583651642476
1.03790849673203
1.057034220532325
1.0245109592269654
1.0841432935295852
1.0686131386861364
1.0374800637958546
1.0790183387270904
1.0816276202219512
1.080422420796109
1.0462473572938757
1.0314285714285725
1.0515166104959104
1.0836206896551843
1.094579945799459
1.0601851851851958
1.0942323314378577
1.1065440778799402
1.0714099556945549
1.0736986301369902
1.072628880660794
1.0372367745249134
1.0805471124620218
1.101133144475929
1.0734929810074334
1.0393057682491127
1.0560209424083802
1.0234392607617764
1.0478238866396783
1.0918886560910068
1.0339114677711696
1.0808823529411902
1.0493273542600918
1.0391517128874406
1.0442273077912096
1.0678827751196212
1.0421686746987981
1.027424582398408
1.0356510745891325
1.032782844466354
1.0508948545861334
1.0790946083418183
1.028447444551595
1.058869093725805
0
1.0418539325842728
1.0269068788020594
1.074106879244177
1.0284408329101102
1.0340047083442343
1.0760043431053221
1.0694219340896869
1.0237304224015227
1.0674478422406533
1.0129390018484294
1.0439245643351698
1.0172084130019126
1.1042765084944504
1.0624631703005427
1.0281790196542793
1.0407601900475165
1.054817745125743
1.051367237413752
1.0427055702917845
1.0652282990466706
1.042118537200505
1.05839032088375
1.0215287856797302
1.0423086329175846
1.0315710348283638
1.0782997762863684
1.0667236954662231
1.036498213374177
1.0863269284321988
1.0603816576474008
1.0283870967741946
1.0336444007858552
1.1104923798358828
1.0618229854689585
1.0481166464155525
1.040856509968006
1.0510366826156345
1.051714898177928
1.0325732899022806
1.0496257277516015
1.084832214765116
1.0432475457681147
1.0904550499445163
1.0567180616740177
1.0842368640533935
1.044901065449013
1.0554777248529015
1.0582857142857252
1.0606912053947761
1.0697557290355095
1.0441577772264974
1.054261581776309
1.0325845470254291
1.1046073601854707
0
1.0831673306773049
1.0564171122994743
1.0708732057416408
1.110715264456023
1.0396349413298576
1.0527770102238283
1.0518746789933247
1.0662094434186284
1.0262041427501862
1.0555414658889155
1.0694202537944848
1.0615666753995359
1.0690929769690207
1.0486775464265663
1.0777271508978974
1.0673796791443948
1.0577878103837497
1.0813449023861295
1.056383843860135
1.0836490819003357
1.088622069754162
1.0475206611570334
1.1285541439806672
1.069039336366075
1.0285343709468224
0
1.07270595133393
1.0120099705415813
1.0578814273672439
1.0407692307692316
1.0622689792436801
1.0471179143745526
1.0576245596376548
1.11016467915959
1.02007938360962
1.0858250276855006
1.0319173363949503
1.0858468677494342
1.0255984830528566
1.0437257438551142
1.0496861924686234
1.0502673796791464
1.10444505044997
1.0497091485986338
1.0260429225946506
1.0954334153677896
1.0263681592039804
1.0667617689015727
1.007887817703769
1.0929427430093226
1.0266632808532266
1.0762564991334629
1.075926483880702
1.0383779869659693
1.0336270871985151
1.0519673348181193
1.0723665013131167
1.0481166464155602
1.0479889042995871
1.030609948233176
1.0450402144772173
1.0923467946907683
1.0597297297297388
1.1313593539704014
1.0667765869744505
1.0589457283822412
1.034217703942477
1.0759852565920147
1.0756259580991319
1.0818596691386249
1.058342420937849
1.0720620842572202
1.0428300352399027
1.0567260940032521
1.0674093116252628
1.0352644836272054
1.0996657550896447
1.0671540752775543
1.0482792770487765
1.0562041813738903
1.0759316335107976
1.061447811447822
1.1172839506173071
1.1123085649461362
1.0906990179087372
1.0751104565537606
1.0412690224400387
1.049089068825917
1.0698489751887912
1.037971457696231
1.0940892641737225
1.0550823395797913
1.036460989291179
1.058638743455505
1.0407615982837264
1.103448275862083
1.0828970331588263
1.0747384155456021
1.1178985949908609
1.0609655172413877
1.0635146681857137
1.0481053480247335
1.0546139359698712
1.0540966386554662
1.0678154530294666
1.0638760532753526
1.0780516431925016
1.0809090909090977
1.1163402513884901
1.1090418353576328
1.0710688304420923
1.077896786757558
1.0864721485411306
1.0544863106532962
1.0835007173601294
1.0487256371814104
1.0474137931034566
1.0671140939597417
1.0676567656765725
1.045879120879126
1.0449790794979144
1.0722477064220297
1.0700325732899154
1.064770129540269
1.0679225258689349
1.0389125799573555
1.0492957746478955
1.0373788647900337
1.0628838841766726
1.0232664233576654
1.0654621628698722
1.021684316691881
1.0732820074137581
1.1098712446352041
0.9946091644204852
1.0740062761506333
1.0576055216352596
1.0581395348837328
1.119333138344551
1.0803004043905375
1.045076282940362
1.0499190501888833
1.0999436936937046
1.0868405453467864
1.0538189725468947
1.062634408602161
1.0545304323877798
1.0578239918843633
1.0397537830212948
1.0543622381331228
1.0745625158508882
1.102334966849244
1.0605308856363245
1.0391762933199442
1.0498295305533787
1.0583333333333398
1.0285371702637902
1.0720192051213713
1.0828384798099846
0
1.0604063701263065
1.0504475183075677
1.0797752808988814
1.0242424242424275
1.0567705909725538
1.0358288770053532
1.0418821096173825
1.0743849493487847
1.0597466960352528
1.0544252288911482
1.1018518518518663
1.0829769033362011
1.034366050507687
1.0607183580387765
1.1044294514520556
1.0927694406548536
1.0396405919661806
1.0804186174607695
0
1.0579834333047693
1.0841095890411012
1.0784937682312479
1.0896755162241942
1.032266325224075
1.0464362850971956
1.0751940058870773
1.0314318975552992
1.0791080435359737
1.0613569321534024
1.0465830560532376
1.0329370975730623
1.0645505468124925
1.080662112454022
1.0394995093228663
1.054536187563709
1.0673961701069392
1.0479633646661926
1.0526995608369998
1.0676478913105116
1.0623673036093397
1.0542897327707497
1.0680194341240408
1.0601187530925378
1.0831908831908894
1.0713768989631156
1.0607918263090752
1.0705980066445229
1.122407834101402
1.0656090346867573
1.1012145748987996
