0 0 0.0 0.0 
-2.121321454199778e-05 2.121319232758309e-05 0.0 0 
-4.9516160708848456e-05 0.03568767922056131 0.0 0 
-6.708753488848807e-08 0.12812774875098015 0.0 0 
-1.128492266300185e-07 0.21552614690563027 0.0 -0.0207401680735 
-2.1381451711766086e-05 0.32133053456344796 0.0 0.00595484007345 
-7.324686081722209e-06 0.48437521617682944 0.0 0.00207548299248 
-4.979857996761927e-05 0.5750687319095849 0.0 -0.00213675530837 
-7.417690436273272e-06 0.6620004396108589 0.0 0.00437094227776 
-1.4541410113089182e-05 0.7625580949596831 0.0 -0.0107624637147 
-2.1689121360246588e-05 0.9089362697293857 0.0 0.00595619296898 
2.0679994543915114e-05 1.0183539730723992 0.0 -0.000178278687015 
-2.180411797270132e-05 1.1285636359659053 0.0 -0.00340939032951 
4.177724984111286e-05 1.2397986037476643 0.0 0.00703653601214 
5.5849861743673124e-05 1.3725791151262556 0.0 -0.0086439610112 
6.288531730014313e-06 1.4945338216515691 0.0 0.00381624174312 
5.5757375738041404e-05 1.549214389066639 0.0 0.00402280655551 
3.447973938586202e-05 1.672272182185401 0.0 -0.0148450356975 
5.562860617325249e-05 1.7951461275632785 0.0 0.0121256326328 
7.67783615399642e-05 1.9163230166663099 0.0 -0.00280586850355 
7.67323777015605e-05 2.0041456788896683 0.0 -1.98140192988e-05 
6.255498780483038e-05 2.071476386586838 0.0 0.00167521707518 
4.834538700171365e-05 2.200325384247227 0.0 0.00270751324484 
9.070072996353318e-05 2.33604745985037 0.0 -0.00102235312675 
9.063690053778828e-05 2.457952668926909 0.0 -0.00319275340348 
9.765584223053736e-05 2.5575062326538562 0.0 0.00242674348539 
9.051731294107412e-05 2.6863481592501355 0.0 -0.000641453674262 
0.0001116906896405645 2.762411635713476 0.0 0.00110255680719 
9.040749968969308e-05 2.89607603055004 0.0 -0.00325779483196 
0.00015399086679579455 3.003492621713391 0.0 0.00417296097248 
9.737942086363027e-05 3.085432155487661 0.0 -0.00623160612167 
0.00016094338738348313 3.2299011419851835 0.0 0.0135493359483 
0.0001326003071815407 3.3422179830940326 0.0 -0.00998969507893 
0.00016788517100385647 3.47681575891138 0.0 0.00539229691858 
0.00017490870367065092 3.5676011985516105 0.0 -0.0041674302653 
0.0001677773570447627 3.682725253592877 0.0 0.00163975232112 
0.0001747800081615125 3.813391515692021 0.0 0.0013531087928 
0.0002171640077233139 3.89438352643134 0.0 -0.000940124672209 
0.00018882144585052885 4.005710418046523 0.0 -0.00443846490622 
0.0002311865631448029 4.122764874626338 0.0 0.00808968193598 
0.00021698207166709338 4.241855798706361 0.0 -0.00539899730887 
0.00027349947657206997 4.339521387353448 0.0 0.0040754628814 
0.00029466263463318043 4.435101010977526 0.0 -0.0064400103608 
0.0002946053954966388 4.544419719348959 0.0 0.00369751619179 
0.0003016151552204249 4.661509531249319 0.0 0.0021663693395 
0.000266196930859941 4.781611618015328 0.0 -0.000533461548761 
0.0002732297195295885 4.854719388125895 0.0 0.00299139637852 
0.00032973283317438984 4.979679298526789 0.0 -0.00404843239343 
0.0002943334910576745 5.0637189394522855 0.0 -0.00359445131367 
0.00031548028449757126 5.1905526828048005 0.0 0.00835783339323 
0.00035075952067575855 5.335898481696189 0.0 -0.00557633528345 
0.0003507038365504478 5.442247341586637 0.0 -0.000558438471795 
0.00041430356827776293 5.518409813021552 0.0 0.0019328960662 
0.0004142320378601738 5.65502284314677 0.0 -0.00915643608356 
0.00045660374543343707 5.759490799021467 0.0 0.00785406851131 
0.0004636175778105489 5.8688024363287905 0.0 -0.00336914847102 
0.0004493793944631008 6.052240077496773 0.0 0.00319423923582 
0.0005483001995187919 6.193845281549006 0.0 0.000968626091458 
0.0005623519298820767 6.366506615386521 0.0 -0.00477589974841 
0.0005622492252381761 6.562658036487642 0.0 0.00392777546577 
0.0006399568157418045 6.704284453732192 0.0 0.000444164626399 
0.0006257538792704409 6.820405529331236 0.0 -0.00325186258525 
0.0006822718025172314 6.917081168484664 0.0 0.00520657924724 
0.0006680617574303938 7.04677869428248 0.0 -0.0066441365263 
0.0006821399969898501 7.168811182587037 0.0 0.00613303026042 
0.000752797471585076 7.270422427080554 0.0 -0.00178705463324 
0.0007739616663240412 7.36402215171732 0.0 -0.00518687241696 
0.0007597765754221442 7.446060680463161 0.0 0.00480768670853 
0.0008304249421051679 7.565066751773861 0.0 0.00454367432221 
0.0008515604802465937 7.71339654127445 0.0 -0.00762578014395 
0.0008797727175560155 7.850971236636896 0.0 0.00337525370165 
0.0009150860898841096 7.931121790302901 0.0 -0.000437756864292 
0.0009008852267493594 8.04328306792728 0.0 -0.00216345563121 
0.0009291015367001165 8.17307958869668 0.0 0.00589874308913 
0.0009856097596472324 8.28828142551719 0.0 -0.00284347018198 
0.0009714185227736039 8.38205792683074 0.0 -0.00222961569352 
0.0009925699071917649 8.500123546096553 0.0 0.00614269661347 
0.0010137300292800688 8.601501445326356 0.0 -0.00312005753426 
0.0010631845079593916 8.683617755851454 0.0 -0.000269552732266 
0.0011055322239723608 8.833906231147038 0.0 -0.00428922361219 
0.0011479028948748748 8.94035408600906 0.0 0.00275788517079 
0.0011549362018872245 9.012471906625969 0.0 -0.000905717883418 
0.001133649901917444 9.152075998424497 0.0 0.00336589100233 
0.0012042874575950435 9.291729587745852 0.0 0.00236160170351 
0.001239594757979745 9.383476692623304 0.0 -0.00471451026798 
0.0012112379788780103 9.521956484636046 0.0 0.00104556835957 
0.0012677559021350149 9.618632123789483 0.0 0.00512194511029 
0.001288921577832447 9.709403421301493 0.0 -0.00671373578122 
0.0013524839893399587 9.85684225628 0.0 0.00374973260377 
0.0013524237142288342 9.971959240257156 0.0 -0.00166184765864 
0.001380658388086431 10.0666832646797 0.0 0.0032879402424 
0 0 0.0 0.0 
-0.000855633988016798 0.00014829186946695074 0.1 0 
-0.0064669208033111755 0.10741507824939082 0.1 0 
-0.0136106896648968 0.2365735319659576 0.1 0 
-0.018765012726784713 0.3250031002888468 0.1 0.0252562322089 
-0.02550172469649825 0.4370708780478315 0.1 0.0272340561456 
-0.03227247433779873 0.5435171487636008 0.1 0.0181143800203 
-0.04121334519258252 0.677158238359421 0.1 0.0318002862409 
-0.04995389247552673 0.8008433111580144 0.1 0.0272727685962 
-0.06006216075129034 0.9373479096610142 0.1 0.0290610937136 
-0.06654476387299951 1.0211668302981083 0.1 0.0258009068072 
-0.07514024343087711 1.1292955874867925 0.1 0.0296094685502 
-0.08589033964955306 1.2588067492887363 0.1 0.0222217326979 
-0.09479582575170709 1.3621553918404632 0.1 0.0292679883557 
-0.1018572984165077 1.4418870994843136 0.1 0.026887991061 
-0.11455395202224117 1.5799891526450733 0.1 0.0258785032101 
-0.12296807206213456 1.6685664493070993 0.1 0.0305774662281 
-0.13572659015588173 1.7990953741324165 0.1 0.0266065297573 
-0.14912895827198136 1.9312575647501533 0.1 0.0247819475313 
-0.16129712530147755 2.0470575932956736 0.1 0.0274839312319 
-0.17362036190079566 2.1607504072274173 0.1 0.0291396228725 
-0.18393060208471979 2.2539093115111695 0.1 0.0283730350148 
-0.1970884533899413 2.3685777371959635 0.1 0.0216832053477 
-0.20676002679253713 2.4520494280133764 0.1 0.0384620730775 
-0.2193003631939201 2.55676900575766 0.1 0.011079169011 
-0.23080582761526602 2.65083979765636 0.1 0.0404426206938 
-0.2437843746307664 2.754724886660349 0.1 0.0251495617799 
-0.2650503081869273 2.9193485072923355 0.1 0.0259273741261 
-0.2810734418624161 3.040415577907008 0.1 0.030883736017 
-0.29280331085277966 3.1265101524948946 0.1 0.0216359775892 
-0.3087048822485414 3.2418001890424923 0.1 0.0366079058587 
-0.3254627174603413 3.359925523154244 0.1 0.0162505727989 
-0.33736137053568704 3.442088544368123 0.1 0.0327769616677 
-0.35656141741904435 3.5717037915409686 0.1 0.0286000410784 
-0.3742099519045743 3.688739972401893 0.1 0.0303094387196 
-0.39132677235458235 3.7998719361102853 0.1 0.0209009829855 
-0.4079047728951737 3.9049511919036 0.1 0.0273280014018 
-0.4257852487585796 4.015998123796821 0.1 0.0334091214148 
-0.4434104435429693 4.123962129876682 0.1 0.0289698066564 
-0.46111300736807315 4.230165421887886 0.1 0.0196164945247 
-0.4777742563160685 4.328399864338047 0.1 0.0308112872537 
-0.4950157670585644 4.4284867905937615 0.1 0.0274090550304 
-0.5188912166948607 4.564189131416107 0.1 0.0256750727112 
-0.5356007813599342 4.657381891052809 0.1 0.0298008092453 
-0.5518215655725016 4.746834170283301 0.1 0.0280338050692 
-0.5717093693991662 4.854231960572261 0.1 0.0212227072369 
-0.5940748148203747 4.973437853677887 0.1 0.0371697170337 
-0.6166875072790963 5.091618383968489 0.1 0.0204714173231 
-0.6431652225047331 5.227800947450124 0.1 0.0297257119067 
-0.657968378862952 5.302687158876762 0.1 0.0229838973546 
-0.6803036438998791 5.413803757257604 0.1 0.0290795939716 
-0.7081106336506457 5.549618313623993 0.1 0.0337924142613 
-0.7312025476735893 5.660925653484217 0.1 0.0284733393243 
-0.7526091973505791 5.762206613933881 0.1 0.0206708720078 
-0.7765426662091066 5.873930949547915 0.1 0.0343879439914 
-0.801693273605939 5.989558229406821 0.1 0.0251264146285 
-0.8163672645778766 6.05639759571857 0.1 0.027075995527 
-0.8372134783841529 6.149907583794405 0.1 0.0207139879925 
-0.8613084265607149 6.2567033471577895 0.1 0.0393462888839 
-0.8863515508302431 6.366284889065268 0.1 0.0249220194008 
-0.911330556490427 6.473822907348243 0.1 0.0250039847187 
-0.9410657814239105 6.600395125856708 0.1 0.0319349289934 
-0.966284729354645 6.7059107624480045 0.1 0.0208745078235 
-0.9897409444521879 6.802736469640351 0.1 0.0323922659453 
-1.0141241837652113 6.902609589850966 0.1 0.0294797886742 
-1.0336446488452342 6.981362569750518 0.1 0.0176322025425 
-1.063073691372879 7.0988626797756 0.1 0.038214863831 
-1.0909594875861046 7.2088819615836295 0.1 0.0241143554801 
-1.1130979879989011 7.295058949228084 0.1 0.0240707676932 
-1.145095125848942 7.418095103546257 0.1 0.0318367289168 
-1.1729516698454794 7.523984888495369 0.1 0.0274757003233 
-1.199831249616163 7.624939296974408 0.1 0.0237982712994 
-1.2278641145065503 7.728884496892613 0.1 0.0278095541387 
-1.2451040129772544 7.7919260982421985 0.1 0.0302092572399 
-1.2673049414083954 7.872934120541199 0.1 0.0406910477751 
-1.2968021255768898 7.979474059184554 0.1 0.00734739223034 
-1.3292925309947639 8.095226897835627 0.1 0.0268187130401 
-1.3691566606372136 8.235175202819471 0.1 0.0307405009812 
-1.4036207209840263 8.354456041785381 0.1 0.0289989165858 
-1.424957185813422 8.427813371130068 0.1 0.027978829221 
-1.4622584696721797 8.554454526851607 0.1 0.0177041330925 
-1.4941245195030541 8.661241397618452 0.1 0.0325846270495 
-1.5299885153279056 8.779942080866174 0.1 0.0291836507478 
-1.561931867901793 8.884685394859673 0.1 0.0290657512203 
-1.5965285862849101 8.996746642296598 0.1 0.0221930443268 
-1.6133987141219137 9.050935353175923 0.1 0.0303256671948 
-1.6441384106307764 9.148961434697842 0.1 0.0271686746017 
-1.6828174836247842 9.271041428604807 0.1 0.025878382827 
-1.723215659743261 9.396677766764999 0.1 0.0255940197251 
-1.7597641187544455 9.509275957886823 0.1 0.0329091519483 
-1.795456048758858 9.617907480625666 0.1 0.022014934532 
-1.8179155520259744 9.685883463980046 0.1 0.0308116045221 
-1.856614351497221 9.801620705261685 0.1 0.0178915698497 
-1.897287071088166 9.922017317676971 0.1 0.0368734682103 
0 0 0.0 0.0 
-0.0005875268596149978 3.020247063830836e-05 0.2 0 
-0.006253277084381951 0.05942003135059582 0.2 0 
-0.014041570597404275 0.13695899822632365 0.2 0 
-0.02463919091223371 0.2390736051327935 0.2 0.0726273471485 
-0.037414914243584604 0.35591568185757666 0.2 0.0365859897501 
-0.04983647602661062 0.4642412176414877 0.2 0.0499335697029 
-0.06286558237168771 0.5724260778939619 0.2 0.0464396268106 
-0.07688459062029976 0.6836506246798495 0.2 0.0521674957115 
-0.08728146253317604 0.7624010859764484 0.2 0.0499815125843 
-0.10512894123703942 0.8927985932529178 0.2 0.0614251209994 
-0.12046417307851398 0.9997812117681067 0.2 0.0451152441896 
-0.1318342811610414 1.0765681783847947 0.2 0.0529749646286 
-0.15223637133494233 1.2097368876093595 0.2 0.0498852222455 
-0.17070413698846282 1.3250980341525755 0.2 0.0472580794696 
-0.1841859469773655 1.406338888403521 0.2 0.0534030897494 
-0.20216315960429698 1.5118999452671478 0.2 0.0573379812743 
-0.22351551993800045 1.6329104027002939 0.2 0.0446938930984 
-0.24439218608202995 1.7468414099402572 0.2 0.0519176779234 
-0.2644263727452115 1.8530273330409381 0.2 0.0550989189633 
-0.28952237752004617 1.9812460861324461 0.2 0.0468962562017 
-0.31003698904134513 2.0833309371835735 0.2 0.057020878869 
-0.3293189183927463 2.176755367074729 0.2 0.0428535412741 
-0.35262000935073734 2.2861763228380916 0.2 0.052302938544 
-0.3707949020824295 2.3697179105306345 0.2 0.0606192362802 
-0.4008476671538703 2.5040312044056665 0.2 0.044606435312 
-0.4239808420627895 2.6044447907305948 0.2 0.0529601506152 
-0.4460445433733461 2.69815178878559 0.2 0.0523745869989 
-0.4725976797892285 2.808087137725223 0.2 0.0483062468925 
-0.5002139895274839 2.9195374990366187 0.2 0.0549537513748 
-0.5306511083999764 3.0396294999973055 0.2 0.0517972696095 
-0.5661666156642294 3.175568231577981 0.2 0.0446040987192 
-0.5959165705529861 3.2865393660414868 0.2 0.0554288670585 
-0.6187834523439039 3.369893234081072 0.2 0.0499568976134 
-0.6497195396232237 3.480530467433345 0.2 0.0578131650389 
-0.681800131089794 3.5930375163287556 0.2 0.0487393075994 
-0.7160220944096585 3.70984509153916 0.2 0.0441410044834 
-0.7432952258171457 3.8011953252730133 0.2 0.0605771116581 
-0.7853981281306588 3.9393500501896055 0.2 0.0472667548257 
-0.803798564017062 3.998436265664882 0.2 0.0473745301519 
-0.8351814119434575 4.09786634037082 0.2 0.0590086897145 
-0.8737695417481497 4.217417396987551 0.2 0.0461479203122 
-0.913101060751351 4.336867100264286 0.2 0.0564358435244 
-0.9418119483930283 4.422538314979771 0.2 0.0467259025405 
-0.9802595260837097 4.534996512856665 0.2 0.0488085185874 
-1.0219797615033968 4.654637092747129 0.2 0.0579350647479 
-1.054174562569607 4.745387603403032 0.2 0.0497013283251 
-1.0952114141711362 4.8590222623352215 0.2 0.0482750007996 
-1.135317870134587 4.967860374180532 0.2 0.0519995615497 
-1.1680633482524803 5.055258922010742 0.2 0.0549083886854 
-1.2134708597178259 5.174546096520514 0.2 0.0518162864997 
-1.236473561609261 5.234110587668295 0.2 0.0474376100711 
-1.2741375715158942 5.330227974013077 0.2 0.0503035041626 
-1.3129861210146165 5.4278734198968746 0.2 0.0589778984911 
-1.3674944389930221 5.562640511099308 0.2 0.0498238968121 
-1.4128326964945892 5.672477748895608 0.2 0.0454651806988 
-1.457036434796647 5.777562412001715 0.2 0.0539295136752 
-1.4905118219760636 5.856132503978165 0.2 0.0576155393027 
-1.5290641233935174 5.945366509017827 0.2 0.0460037067053 
-1.5786732849900242 6.058810376572183 0.2 0.0552974231965 
-1.6351575311561448 6.185352614718372 0.2 0.0400742949075 
-1.6852111951147832 6.295251835936339 0.2 0.0578113447242 
-1.718894771037579 6.368397984933078 0.2 0.0582172907105 
-1.7544701868833656 6.444977403756933 0.2 0.0414468078039 
-1.80483662147646 6.551507326156134 0.2 0.0405363915567 
-1.8600926311248018 6.666703537021513 0.2 0.0667640693668 
-1.9086372638899334 6.7664047964403355 0.2 0.0456501124709 
-1.9609153420099235 6.872052608287431 0.2 0.0491328065831 
-2.013001254824852 6.975694037196124 0.2 0.0558854683843 
-2.0745374282236444 7.0962783871899555 0.2 0.0529072514132 
-2.115219713270748 7.174873441635808 0.2 0.0491230289937 
-2.1653418934437934 7.270599811851651 0.2 0.0516041228459 
-2.2174229324095727 7.3686378421268675 0.2 0.0478695822035 
-2.2719020072930687 7.469784541528471 0.2 0.0545314979274 
-2.3137561127355797 7.546569281923993 0.2 0.0508121953552 
-2.359710448824141 7.6299662086938635 0.2 0.0494315980554 
-2.420211596966883 7.738104727147792 0.2 0.0500791974163 
-2.476368688240534 7.837116511798318 0.2 0.0589250339521 
-2.5105696097472237 7.896904335542738 0.2 0.0491566910648 
-2.5761483376144696 8.009906215400171 0.2 0.0401872975539 
-2.636460506049029 8.11231442961525 0.2 0.0624202198803 
-2.701895496205383 8.221947372033286 0.2 0.0514110316445 
-2.7562876054345438 8.311747140705611 0.2 0.0475196129863 
-2.813232899706918 8.404729934061338 0.2 0.0558691791425 
-2.8540897092863586 8.470794958930696 0.2 0.0458321064854 
-2.907704432362694 8.556490270176104 0.2 0.0466530165703 
-2.9576954508408235 8.63540215566568 0.2 0.058163613386 
-3.0441255701403103 8.770082641920652 0.2 0.0578860785718 
-3.1166797083787454 8.881238945945562 0.2 0.0462163285933 
-3.173976715006889 8.968022231383797 0.2 0.0528622799957 
-3.214908555175208 9.029250483526376 0.2 0.0443339292142 
-3.2919157300990247 9.143307919102721 0.2 0.0646856014436 
-3.3612892396745266 9.244547973770716 0.2 0.0433687174758 
-3.4218631355852187 9.331683532724572 0.2 0.0529217254214 
-3.486209252200415 9.423385572922944 0.2 0.0587843779597 
0 0 0.0 0.0 
-0.0005700745120560337 0.0011453886024924537 0.30000000000000004 0 
-0.011840474105000793 0.08226984911235136 0.30000000000000004 0 
-0.030485254928377732 0.21009440171492608 0.30000000000000004 0 
-0.04527428389118727 0.30576643065932235 0.30000000000000004 0.0644033300051 
-0.058155175688496326 0.3865131149659003 0.30000000000000004 0.0754538146147 
-0.0823889305452335 0.530040083600868 0.30000000000000004 0.0540137825842 
-0.09667538689791193 0.6105936661710009 0.30000000000000004 0.0798639126264 
-0.11795626340168137 0.7256731373864626 0.30000000000000004 0.0726680999421 
-0.14483274652985614 0.8638077422277564 0.30000000000000004 0.0737203054656 
-0.16582757857796096 0.9669455603512375 0.30000000000000004 0.072229602669 
-0.18487587680478154 1.0566175288512218 0.30000000000000004 0.070337417457 
-0.21427618745537322 1.1900768909568797 0.30000000000000004 0.0862612998488 
-0.23778461929558128 1.2927306470129236 0.30000000000000004 0.0658693082595 
-0.26129933400419475 1.3913431705186763 0.30000000000000004 0.0685559857082 
-0.2839692961704488 1.4840414321818827 0.30000000000000004 0.0866918857039 
-0.31624356182072444 1.6109241019076415 0.30000000000000004 0.0585810274906 
-0.3456239746981231 1.7223253112330095 0.30000000000000004 0.0815714387509 
-0.371987163210116 1.8191321224163184 0.30000000000000004 0.0713646518258 
-0.41206173953290354 1.9613152252539907 0.30000000000000004 0.0743862328365 
-0.44914880944988744 2.087774320794696 0.30000000000000004 0.0713138596414 
-0.4736238480966433 2.168896050209445 0.30000000000000004 0.0754820144746 
-0.5047898761358521 2.2694604713347095 0.30000000000000004 0.0715735150638 
-0.5411923549033926 2.383917411445731 0.30000000000000004 0.0789605057812 
-0.5783295693299815 2.4970632209334642 0.30000000000000004 0.0657009273389 
-0.6161007650312829 2.608925259513557 0.30000000000000004 0.0770659875948 
-0.656182502721911 2.7242192502663283 0.30000000000000004 0.071623890799 
-0.6879542852891262 2.813165583706785 0.30000000000000004 0.074457098225 
-0.7257427805615256 2.916765219444796 0.30000000000000004 0.0784992368858 
-0.7626641690741515 3.015300299341748 0.30000000000000004 0.0652829006248 
-0.7988849818202144 3.1100456439451407 0.30000000000000004 0.0812197778704 
-0.8387251204991998 3.2117085661441327 0.30000000000000004 0.0642794855121 
-0.8893301382362497 3.3376629967126252 0.30000000000000004 0.0791805931509 
-0.9181969935066597 3.407746408921198 0.30000000000000004 0.0697544541549 
-0.9623433005426747 3.513033833028182 0.30000000000000004 0.0820963493448 
-1.0156047509830204 3.63687739522255 0.30000000000000004 0.066438692892 
-1.0640319792599293 3.746748989192126 0.30000000000000004 0.0733424512532 
-1.1073245631559998 3.8426607182955155 0.30000000000000004 0.0705239714265 
-1.1559666838213671 3.9481664536712597 0.30000000000000004 0.078609013885 
-1.2155641177895145 4.074527517153695 0.30000000000000004 0.0722136079599 
-1.2627172190862603 4.171991311139455 0.30000000000000004 0.0680893714979 
-1.293103485014787 4.233751803712946 0.30000000000000004 0.0798301883359 
-1.3454666801393198 4.338505139680589 0.30000000000000004 0.0748009089534 
-1.404545527969606 4.454158861363235 0.30000000000000004 0.0679370653425 
-1.4436841284458988 4.529254144522408 0.30000000000000004 0.0706576818766 
-1.5033551131042087 4.641412229785616 0.30000000000000004 0.0762702769758 
-1.555447809140486 4.7374354322924646 0.30000000000000004 0.0801639227149 
-1.6029996333899568 4.823545785389797 0.30000000000000004 0.0688057674121 
-1.6677033693497498 4.938327134714705 0.30000000000000004 0.0720386337022 
-1.7171550624076537 5.0244674629803106 0.30000000000000004 0.0761714553661 
-1.7588890528126546 5.09596975976073 0.30000000000000004 0.0678042197885 
-1.8222103095855928 5.2024618840737356 0.30000000000000004 0.0788871429727 
-1.8766597761695185 5.292555016379835 0.30000000000000004 0.0785584229497 
-1.937200878923992 5.390651121181575 0.30000000000000004 0.062652700987 
-1.9957665766911936 5.483983627014431 0.30000000000000004 0.084490705097 
-2.0502417874622165 5.569295782721886 0.30000000000000004 0.0660789663906 
-2.1167737430922764 5.671620904173264 0.30000000000000004 0.0745957647367 
-2.1886523136822995 5.779848678288487 0.30000000000000004 0.0738128764859 
-2.240933750376048 5.857290417533141 0.30000000000000004 0.0772735660297 
-2.2994102075325813 5.942607804145837 0.30000000000000004 0.0677873053332 
-2.3776918532132165 6.054605277106308 0.30000000000000004 0.0714816242045 
-2.4324858377359106 6.131602940448301 0.30000000000000004 0.0763723683113 
-2.50285274283848 6.2288471601545945 0.30000000000000004 0.0732253381483 
-2.5865046437398185 6.342046281509811 0.30000000000000004 0.0737086593131 
-2.6515527819958797 6.428526899624046 0.30000000000000004 0.0768011272638 
-2.704741213318039 6.498109773763355 0.30000000000000004 0.0681014216998 
-2.783790673676384 6.599933920786812 0.30000000000000004 0.0792507504065 
-2.84787831453058 6.681097439622216 0.30000000000000004 0.0692440974337 
-2.896500100968225 6.741747125389025 0.30000000000000004 0.0708654919415 
-2.9821622979004077 6.8469763590494015 0.30000000000000004 0.0816090385033 
-3.0506144910676523 6.92954514764772 0.30000000000000004 0.0701472070197 
-3.09368102411467 6.980815491232581 0.30000000000000004 0.0736237364419 
-3.1728635289036324 7.073780072850249 0.30000000000000004 0.074149751631 
-3.2423763900542424 7.154055962970863 0.30000000000000004 0.0725132522269 
-3.3249408874383923 7.247749740094541 0.30000000000000004 0.0714659131321 
-3.4230053991315517 7.356856484369959 0.30000000000000004 0.075069792132 
-3.494770623485012 7.435170931143835 0.30000000000000004 0.0722323680321 
-3.55440388761264 7.499331422955269 0.30000000000000004 0.0762203529957 
-3.6461770663915476 7.596618622816362 0.30000000000000004 0.0728127502948 
-3.7268029485888414 7.68034796964236 0.30000000000000004 0.0668419439455 
-3.8024933860780266 7.757755332164898 0.30000000000000004 0.0822198576362 
-3.880746894539027 7.83660059843717 0.30000000000000004 0.068296514815 
-3.9654739885337733 7.920337806076339 0.30000000000000004 0.0679034994333 
-4.054333619140958 8.006694601688231 0.30000000000000004 0.0837720094648 
-4.114733148912149 8.064543062371449 0.30000000000000004 0.0691869463902 
-4.199949258433475 8.144901962177583 0.30000000000000004 0.0702240614117 
-4.257460807961095 8.198452985239063 0.30000000000000004 0.0772695042313 
-4.342442242963242 8.276324853105297 0.30000000000000004 0.0645661800432 
-4.398625547228588 8.327129994792207 0.30000000000000004 0.0823671524226 
-4.482293464452867 8.401696174976998 0.30000000000000004 0.0690822597541 
-4.579977665344016 8.487234765661313 0.30000000000000004 0.0769990487884 
-4.666648489788381 8.56172989496608 0.30000000000000004 0.0722110030231 
-4.755209715372647 8.6366148749221 0.30000000000000004 0.075471511078 
-4.869556638983817 8.731394876297186 0.30000000000000004 0.0701410444522 
-4.92136244656601 8.773681947616394 0.30000000000000004 0.0742032731008 
0 0 0.0 0.0 
-0.0005369852794417378 0.0008743836741804629 0.4 0 
-0.019652705988786226 0.1077236331884525 0.4 0 
-0.047310683002480494 0.25244954381784845 0.4 0 
-0.06489225614203939 0.3394929737016582 0.4 0.0922131327923 
-0.08241390101472618 0.42280929899842334 0.4 0.0887203143525 
-0.11300597131921 0.5610052788042291 0.4 0.0917255889676 
-0.13916426785654767 0.6728507794837938 0.4 0.0932766529376 
-0.16290455705209966 0.7698257307284954 0.4 0.0927831272928 
-0.18959894305670583 0.8744135797160177 0.4 0.096294408082 
-0.22128429217424322 0.993165721386386 0.4 0.0944479124412 
-0.25153000684831045 1.1016945048673406 0.4 0.0939663375762 
-0.2843738556309158 1.2148207440744594 0.4 0.0937909933327 
-0.3123847073065517 1.307738061020249 0.4 0.0934551369361 
-0.35295831506087727 1.4372442186105303 0.4 0.0952741045282 
-0.38074946901329376 1.5228054677949197 0.4 0.092911462368 
-0.421755835910666 1.6447348767735535 0.4 0.0926220799835 
-0.45239746168587003 1.732682422332549 0.4 0.0948678185493 
-0.4935311467706187 1.8471951008941367 0.4 0.0976359041096 
-0.5290983497367137 1.9429209682089208 0.4 0.0893535768043 
-0.5726160821059916 2.0564924143097674 0.4 0.0973390240748 
-0.5947404766702066 2.112708497997329 0.4 0.0909383061515 
-0.6439561114564044 2.234701316198199 0.4 0.0991426325524 
-0.6878568356180281 2.3399035976282394 0.4 0.0887479885231 
-0.7395220686808367 2.4599091895503 0.4 0.0966744546965 
-0.7845037534968516 2.5611042370136685 0.4 0.0916466026425 
-0.8355478023141311 2.6727461855829127 0.4 0.0972245517288 
-0.8699841713351589 2.7461664456522503 0.4 0.0904542254362 
-0.9171482525363457 2.8443749154725633 0.4 0.0954756542983 
-0.9727863516132563 2.9571099341274047 0.4 0.0963142441766 
-1.0247792100445237 3.059546087765394 0.4 0.0915298635534 
-1.0829464149291432 3.1709168396525467 0.4 0.093285848896 
-1.1349022602484697 3.2677804687253604 0.4 0.0967529197602 
-1.1701305455857474 3.332149156083387 0.4 0.093490795415 
-1.224131614674757 3.4288252758712927 0.4 0.0920061781784 
-1.2776994885406376 3.522421648608103 0.4 0.0939078858337 
-1.3428282529338458 3.6333996038452243 0.4 0.0953416162975 
-1.397523212426039 3.7242054071077346 0.4 0.0919925833601 
-1.4546064627316595 3.8168702603938933 0.4 0.0973804671697 
-1.5153492285359922 3.9132294805154784 0.4 0.0929456750465 
-1.5818757814077131 4.016242977995199 0.4 0.0928692443689 
-1.6190045503055668 4.072573738864631 0.4 0.092691639465 
-1.698581419150825 4.190803637134001 0.4 0.0982693493514 
-1.7642918086590997 4.285925596274208 0.4 0.0920225078779 
-1.8260237449061003 4.3733197931478855 0.4 0.0937817566041 
-1.8856745051536965 4.456029045362407 0.4 0.0939509929466 
-1.960264512996903 4.557145942219208 0.4 0.0941422206651 
-2.024673041827325 4.642470005729465 0.4 0.094344363208 
-2.0845219756655258 4.720216886814364 0.4 0.0950552304093 
-2.14439731379341 4.796535586253441 0.4 0.0920679924297 
-2.226143553775059 4.898470554977925 0.4 0.0942683272457 
-2.3021789956830254 4.9910152688942935 0.4 0.0938282990408 
-2.3568180112532224 5.056215311666673 0.4 0.0946521319522 
-2.430761809757519 5.142823365926966 0.4 0.0949053605365 
-2.5298776346612657 5.256009446580239 0.4 0.0923167524491 
-2.6131668748886545 5.34871543647489 0.4 0.094870201 
-2.6842341155945633 5.426091924495776 0.4 0.0925067826634 
-2.75598006421239 5.502661036786101 0.4 0.0955882232886 
-2.8215776109344466 5.571391829477931 0.4 0.094944862342 
-2.9098702856774707 5.661984021121165 0.4 0.0918991860254 
-2.981914095831331 5.73433410763468 0.4 0.0945050481874 
-3.0630511632380544 5.8141518023685945 0.4 0.0938994044695 
-3.155761274260742 5.903346440179185 0.4 0.0955736994346 
-3.2192011786809607 5.963120549349917 0.4 0.0917774115549 
-3.306391675125053 6.0437185625377925 0.4 0.0965564817169 
-3.398783154873234 6.127196831386273 0.4 0.0925451554523 
-3.4663383905081715 6.1869921300167565 0.4 0.0934588488717 
-3.570144205298203 6.276918449388656 0.4 0.0951957248548 
-3.66549526316265 6.357487526360732 0.4 0.093708224205 
-3.7424925990634414 6.421182407349562 0.4 0.0939008730495 
-3.8225271935091683 6.486098419179508 0.4 0.0928988413053 
-3.9312167276991143 6.5722057223400085 0.4 0.0951426271513 
-4.017268940370512 6.638778589893961 0.4 0.0950371917346 
-4.101695934176527 6.702742326627194 0.4 0.0931895538685 
-4.177989843560105 6.759416410571898 0.4 0.0940243607089 
-4.270027812512325 6.8264154491556805 0.4 0.0941375342916 
-4.377282415519794 6.90257521631465 0.4 0.0925219435668 
-4.4724756961003385 6.968576002160829 0.4 0.0959907393315 
-4.538110916214535 7.013151460437359 0.4 0.0907363195155 
-4.616359320038287 7.065380316437016 0.4 0.0988904581749 
-4.7023516162688255 7.121635601424302 0.4 0.0925600460079 
-4.820854266324406 7.197255518971234 0.4 0.0939563432886 
-4.917702824264807 7.2574225275794735 0.4 0.0931276962402 
-5.0099412536421415 7.3134273715307225 0.4 0.0949549502935 
-5.1018317594706675 7.3679513207510015 0.4 0.0920899751957 
-5.201198955814538 7.4255023475946675 0.4 0.0945906683839 
-5.257980667221416 7.457747182060137 0.4 0.095224959101 
-5.362546878348968 7.515936836556695 0.4 0.0944251966006 
-5.4382244718180655 7.557091134591346 0.4 0.0935601373931 
-5.562383178325598 7.622944608291498 0.4 0.0945556152804 
-5.677772881579989 7.682273744328242 0.4 0.0918461370565 
-5.778714786870387 7.732667963801726 0.4 0.09437959968 
-5.861441946263011 7.773062511686671 0.4 0.0979052681569 
-5.946353317317187 7.813553596701758 0.4 0.0859640028891 
-6.045909139311623 7.859841616825896 0.4 0.0995588644092 
-6.157880289739097 7.910471954292156 0.4 0.0956962109728 
0 0 0.0 0.0 
-0.000495466157442423 0.0007239566885003567 0.5 0 
-0.006800889880105724 0.03007581747582126 0.5 0 
-0.033167700772076494 0.149067656201779 0.5 0 
-0.05837366558970538 0.2560255705307935 0.5 0.0849992805705 
-0.08270273478328939 0.35439191026230077 0.5 0.115443125594 
-0.11284650719075918 0.46991702694714943 0.5 0.104400189289 
-0.14019798846818726 0.5696681140185669 0.5 0.115728323461 
-0.1744018799705198 0.6881386394926127 0.5 0.111139206131 
-0.19592340136821457 0.7597694639799077 0.5 0.118630181889 
-0.23179103725062108 0.8745111351208078 0.5 0.109042924 
-0.26175562800583424 0.9662370082475995 0.5 0.11384945266 
-0.2988608401008747 1.0755170582813616 0.5 0.117900751727 
-0.33845818939545047 1.1871912161194325 0.5 0.109310680029 
-0.3788313451374382 1.29637408426016 0.5 0.114754354356 
-0.41267258951694463 1.3845528519927952 0.5 0.114381511015 
-0.455289841492873 1.491876114774071 0.5 0.116318169041 
-0.48087874861344154 1.5543693042620164 0.5 0.110052588738 
-0.5257216686737791 1.660750600176579 0.5 0.116320597079 
-0.5764547442313592 1.7766264244216212 0.5 0.112440585677 
-0.6287669863594687 1.8915198368678077 0.5 0.113690774417 
-0.6840698262310871 2.008405440353153 0.5 0.115379549673 
-0.7246798961477132 2.091627939242383 0.5 0.114770268044 
-0.7774564405972377 2.1965875445959027 0.5 0.108606121318 
-0.8338629947732931 2.304909579039431 0.5 0.113568944084 
-0.874292593605877 2.3805136902916417 0.5 0.118417212644 
-0.9347529702168532 2.490141145612185 0.5 0.105537909797 
-0.9948049794592838 2.595684285066843 0.5 0.122667874147 
-1.0395818077438344 2.672146589824008 0.5 0.107845936749 
-1.1025645733065503 2.7768011532317822 0.5 0.118738711349 
-1.1724137857893124 2.8892201423552235 0.5 0.113731053685 
-1.2282071077439012 2.9763097406162835 0.5 0.111606135924 
-1.2735121749174305 3.0455150857017705 0.5 0.117173354051 
-1.3361168248637991 3.1387183335265805 0.5 0.106002822748 
-1.404585650796685 3.237825939064052 0.5 0.121483578294 
-1.4888448298493508 3.3559894006135993 0.5 0.112414579378 
-1.5484174803553454 3.4370524927806905 0.5 0.112091410346 
-1.600974388270123 3.507040976336472 0.5 0.116517489048 
-1.6885350649953548 3.620506117641726 0.5 0.109908863619 
-1.7509735884397128 3.6990276999620546 0.5 0.113865008595 
-1.8118644517669875 3.77403251556252 0.5 0.119435181073 
-1.8831741295187205 3.859634967974482 0.5 0.102752344088 
-1.9510164909827572 3.939145809945768 0.5 0.121626413964 
-2.0204977064971095 4.018609139794506 0.5 0.109429630823 
-2.109515203600466 4.1176488253223456 0.5 0.115227048786 
-2.1919631285945522 4.206839027498198 0.5 0.114576208348 
-2.2714530630563843 4.29045981390477 0.5 0.109816854323 
-2.3408539730026643 4.3617124159528995 0.5 0.117733191277 
-2.4210754601951097 4.442115247946758 0.5 0.113161767436 
-2.5064372991017914 4.5253949505066755 0.5 0.11298200877 
-2.6184913439105424 4.631368435124289 0.5 0.115745265218 
-2.7124958250663314 4.717479609907993 0.5 0.113612453986 
-2.777732532354574 4.775829812325709 0.5 0.112977966923 
-2.868395534362466 4.854955472303467 0.5 0.11040333907 
-2.9739370311957747 4.944332863438957 0.5 0.11721738034 
-3.03216114422278 4.992428451201434 0.5 0.115149688657 
-3.1389928152176294 5.078608914024796 0.5 0.114488560296 
-3.242460010363561 5.15943737701052 0.5 0.109132952959 
-3.3169099588779525 5.21613658393799 0.5 0.116459173652 
-3.402461925686289 5.279692728213943 0.5 0.109421539096 
-3.5073167855869403 5.355399971957284 0.5 0.119199258212 
-3.591119033137812 5.414268165452772 0.5 0.115187070561 
-3.658345664554728 5.460461369805092 0.5 0.111959494065 
-3.7750021271961556 5.538469172773686 0.5 0.112458321628 
-3.865012365760747 5.5968657227877605 0.5 0.113805485966 
-3.957591129045758 5.655317777401937 0.5 0.112198716772 
-4.054224188172854 5.714563296082569 0.5 0.113877078246 
-4.173969224135008 5.7857774833097215 0.5 0.118264369979 
-4.269815149772893 5.840752578021933 0.5 0.106621378561 
-4.361935468719793 5.892241707332129 0.5 0.126170306601 
-4.462467704765038 5.946818562460853 0.5 0.102660675145 
-4.557570123279883 5.996815987320817 0.5 0.112004227567 
-4.612495933271674 6.025031653124513 0.5 0.120331261607 
-4.727241592112333 6.0824420065219975 0.5 0.111839906271 
-4.815777740791321 6.125355809395793 0.5 0.111990178796 
-4.931112580701993 6.17931192399627 0.5 0.110926419831 
-5.032777824412673 6.225331683027027 0.5 0.121927602634 
-5.1623265605259325 6.281609339085694 0.5 0.104729699552 
-5.24297398903685 6.315406289755474 0.5 0.120605061654 
-5.361000207998055 6.363300319004656 0.5 0.113507097421 
-5.470415445107056 6.4058095649210705 0.5 0.105657271389 
-5.600990880653262 6.454428344542908 0.5 0.12195061447 
-5.704137504031244 6.491148688845776 0.5 0.110050835409 
-5.816265850613718 6.529444072284003 0.5 0.115965683868 
-5.88703150965162 6.552762056779489 0.5 0.113172959946 
-5.9742513738685865 6.580637631858278 0.5 0.111973923446 
-6.1074712598257435 6.621135710646813 0.5 0.107955385558 
-6.236736861513327 6.658302117795564 0.5 0.12325377565 
-6.357544718220779 6.691244137432376 0.5 0.110681106602 
-6.4529616931323766 6.7158104110350045 0.5 0.105950794039 
-6.5543338840202825 6.740770896098136 0.5 0.127102050653 
-6.652285841203525 6.763644253612334 0.5 0.104133740045 
-6.738708972997912 6.782843555444683 0.5 0.117259635116 
-6.885575966591745 6.813350870841321 0.5 0.11422145854 
-6.9959659556890985 6.834671340045482 0.5 0.115676365055 
-7.081230431347923 6.850030184097887 0.5 0.106842689581 
-7.197958343743141 6.869781185790313 0.5 0.126268026568 
-7.313976918814712 6.8877368489182 0.5 0.103429000823 
0 0 0.0 0.0 
-0.0006097394585236985 0.0008620428021443115 0.6 0 
-0.014130050179838058 0.05429156271388294 0.6 0 
-0.03576503319437073 0.13684859699904361 0.6 0 
-0.06265366709088403 0.2342757070207338 0.6 0.120333581794 
-0.08723527283186454 0.3194930823569605 0.6 0.139324430756 
-0.12478624544173776 0.4430041075978367 0.6 0.121735324381 
-0.1648071373423705 0.5669369132284621 0.6 0.131459987858 
-0.19956553165259017 0.6693711952095217 0.6 0.132679071179 
-0.2414267751839806 0.786145962989231 0.6 0.123981833941 
-0.27833014322929406 0.8847196766603314 0.6 0.147061734812 
-0.3222106834088383 0.9966115722272209 0.6 0.122221025896 
-0.35695836180984053 1.0817479125628318 0.6 0.137649480611 
-0.41085302706666005 1.2078944283960291 0.6 0.129796322397 
-0.45370142072278646 1.304014416229414 0.6 0.1419260634 
-0.5003506291111833 1.4048256946497153 0.6 0.128488878878 
-0.5357448416501916 1.478829968977233 0.6 0.129963719138 
-0.5941442415148037 1.5965438241322454 0.6 0.131722657018 
-0.6657833878036901 1.7342616792527727 0.6 0.135104634845 
-0.7246311976223567 1.842510095774891 0.6 0.133501281987 
-0.7584408340358326 1.9028052812011618 0.6 0.131280061079 
-0.820400064857526 2.010137204765334 0.6 0.136251331236 
-0.8792016601344612 2.108174966841419 0.6 0.129377078539 
-0.9457997299904755 2.2155411309316655 0.6 0.14039465001 
-1.0162551995191826 2.324780625682827 0.6 0.124180914159 
-1.0583056026587745 2.388183521482606 0.6 0.137489297475 
-1.1125121690290436 2.4676935149572965 0.6 0.124131536695 
-1.184468326761042 2.570290266681936 0.6 0.148120767598 
-1.262888843464715 2.6779359849429505 0.6 0.119642731406 
-1.3408558778251953 2.7810733494285347 0.6 0.139042819945 
-1.4123619081644945 2.8726325522708147 0.6 0.134855171497 
-1.4732432731709322 2.948249017375674 0.6 0.128211102558 
-1.5428294493708943 3.032387023543318 0.6 0.13905712846 
-1.6215642336615537 3.124558775412878 0.6 0.127544314829 
-1.6956753540990344 3.208624120398201 0.6 0.138191730701 
-1.7398969255884476 3.257725235609643 0.6 0.133840699614 
-1.8200693308842506 3.3443803539182815 0.6 0.119102861221 
-1.9191316094974615 3.447826052504343 0.6 0.145545352091 
-2.010100913219705 3.539531505887932 0.6 0.131633368984 
-2.078016338825136 3.605981205396918 0.6 0.129311644972 
-2.1528606631195433 3.677160805851781 0.6 0.133261210402 
-2.2447034138952584 3.7620386688665226 0.6 0.1430461401 
-2.3387606499213867 3.8460800780118087 0.6 0.125248342014 
-2.4166773878507857 3.9135672030834856 0.6 0.133656657344 
-2.5133066936149193 3.9947635186867414 0.6 0.13461168203 
-2.573688132070314 4.044185257729976 0.6 0.130523883562 
-2.629221320267232 4.088591085148069 0.6 0.126441021056 
-2.7406306391579385 4.17527499694437 0.6 0.152911005265 
-2.833635367268738 4.2450179926431115 0.6 0.125220304708 
-2.9403860568642117 4.322491515029097 0.6 0.138258980491 
-3.0430117490282598 4.394275846243151 0.6 0.126000743508 
-3.12852634008009 4.4522649384695345 0.6 0.135486439481 
-3.239071895340542 4.524546631256561 0.6 0.126752387266 
-3.3441387180638222 4.590781639845927 0.6 0.142759603033 
-3.4502050084152387 4.655311959472369 0.6 0.129600580271 
-3.5515015584941 4.714645436044373 0.6 0.128111566449 
-3.639334882087623 4.764450453527697 0.6 0.138287684718 
-3.735151898832236 4.816911171233074 0.6 0.128561495967 
-3.8358107215181385 4.870237576657485 0.6 0.141786542117 
-3.9349161212607138 4.920762593647707 0.6 0.12320820723 
-4.023818537819336 4.964511916271479 0.6 0.139605116006 
-4.107732347101294 5.0045622934456295 0.6 0.134588808084 
-4.2078018676016615 5.050636414889514 0.6 0.125006202158 
-4.307639556582455 5.094824733017432 0.6 0.136063471422 
-4.420114000370555 5.142638244649167 0.6 0.134962290784 
-4.5361163990403615 5.189645261177025 0.6 0.127264553511 
-4.6237201397205565 5.2236502346197105 0.6 0.137098298718 
-4.734486237437535 5.26494347373404 0.6 0.134500515868 
-4.851520704726837 5.306413186372394 0.6 0.126561813838 
-4.961553864170703 5.343383555897222 0.6 0.134531161072 
-5.0714593255646605 5.378495621569594 0.6 0.136456367708 
-5.180709100564993 5.411552334388267 0.6 0.128883258801 
-5.2566484048691855 5.433450098242024 0.6 0.134239322874 
-5.372485889417966 5.465183110601598 0.6 0.135405120861 
-5.489945202081118 5.495356580218122 0.6 0.134160742082 
-5.578213397959431 5.516736142804541 0.6 0.132047349663 
-5.672865078372791 5.538409005904 0.6 0.130249834558 
-5.813869231128075 5.568327710852008 0.6 0.133461786767 
-5.925858390355842 5.590065599789447 0.6 0.132746712503 
-6.043182797795373 5.610946093532722 0.6 0.134450281034 
-6.164684783621323 5.630567445177065 0.6 0.133717186405 
-6.281628918671211 5.647535101981539 0.6 0.132265784808 
-6.399672994321206 5.662795793444774 0.6 0.132819584126 
-6.510028694906662 5.675344329147958 0.6 0.130861393626 
-6.645646618066499 5.6884949533845335 0.6 0.133361428699 
-6.740393699062735 5.696191747697354 0.6 0.133894226795 
-6.845348757728125 5.703328817161956 0.6 0.134956594538 
-6.965120128949719 5.709692270289142 0.6 0.131435397776 
-7.086273337033126 5.714183124450373 0.6 0.131621092442 
-7.16741435625351 5.71610694873452 0.6 0.132925959169 
-7.272642045103387 5.717266086049742 0.6 0.131870315007 
-7.415917685395449 5.716488269299513 0.6 0.136160740328 
-7.526044603864642 5.714062835631047 0.6 0.132336823595 
-7.652101197314963 5.709265998370633 0.6 0.130934579704 
-7.769905203808491 5.70290442198796 0.6 0.13553953715 
-7.844851177231733 5.697872169247575 0.6 0.130377430726 
-7.992481090298534 5.685798658246737 0.6 0.135639809646 
-8.136072599771753 5.671199024443014 0.6 0.13040884413 
-8.22933077283195 5.660228005462417 0.6 0.134896598146 
-8.32878738458035 5.647225494953712 0.6 0.132444912135 
0 0 0.0 0.0 
-0.0006334138634290652 0.0008901611526140997 0.7 0 
-0.01465622678065551 0.048843900505129365 0.7 0 
-0.03805139433270851 0.12641319942686913 0.7 0 
-0.06779094325756407 0.22043859828136278 0.7 0.12880274957 
-0.10863794418868605 0.34249531016125556 0.7 0.149291231674 
-0.14914753494097704 0.4564525001805116 0.7 0.146078664236 
-0.18455798038795107 0.5509389116545783 0.7 0.149074071082 
-0.2319817062465719 0.6710227349851456 0.7 0.153417300263 
-0.2655994010851004 0.7522984521074402 0.7 0.152633850155 
-0.307996090350581 0.8504457920577666 0.7 0.148120009745 
-0.35954701395815164 0.9643659850667594 0.7 0.159721999097 
-0.41566403535971297 1.0822434057588395 0.7 0.148186974833 
-0.4628627340659813 1.1769468082343304 0.7 0.151558508378 
-0.5187745460386738 1.2844508066805818 0.7 0.15263692779 
-0.5629557319915348 1.366094702397273 0.7 0.151867615585 
-0.6156802156060719 1.460063733612774 0.7 0.15353390096 
-0.6778711868786814 1.5665754324639811 0.7 0.152490334328 
-0.7472970067103284 1.680270714427232 0.7 0.148649375785 
-0.798660956449222 1.7611438933385455 0.7 0.153655070187 
-0.8692498844450525 1.868267411505181 0.7 0.154062496515 
-0.9176561928095677 1.9392343066783517 0.7 0.14992480463 
-0.9893065184446388 2.040726143475153 0.7 0.149103716738 
-1.0735924014268081 2.1550242713247263 0.7 0.153354820732 
-1.1330449433571022 2.2326928322617374 0.7 0.155338083772 
-1.203268856844601 2.3215109068552504 0.7 0.149466360592 
-1.2638549080149213 2.395575198545559 0.7 0.148671277377 
-1.3414135979846742 2.4873694206413868 0.7 0.159101346804 
-1.4205206552248566 2.5775158991904545 0.7 0.147357358256 
-1.489780419316471 2.6538709558532094 0.7 0.156005533112 
-1.5454972357126255 2.7136248508783636 0.7 0.147463359699 
-1.626575749065791 2.797849314500523 0.7 0.148712863904 
-1.7136069249206458 2.8851315402359186 0.7 0.160299526396 
-1.8044946665842452 2.9728415511542226 0.7 0.146470772828 
-1.879665245365782 3.0428683245030506 0.7 0.15411327619 
-1.9682654830723492 3.1226778971014677 0.7 0.153862248182 
-2.0381399552635378 3.183588374328307 0.7 0.150815524394 
-2.1082009340083614 3.243030650170654 0.7 0.153646149297 
-2.199741666379813 3.3181474207142454 0.7 0.144976619894 
-2.292358710514878 3.3914077287649507 0.7 0.156153485106 
-2.394280433968034 3.4689727485118533 0.7 0.151670955241 
-2.4937087849476267 3.541641280363542 0.7 0.152010726506 
-2.5556072686326585 3.5855140579994877 0.7 0.154272039939 
-2.644674208263579 3.6467440560787203 0.7 0.146136393923 
-2.7659101422864114 3.726747860373324 0.7 0.155883751999 
-2.85478701016021 3.7829113534711034 0.7 0.149647153111 
-2.93839448158367 3.8340376786096697 0.7 0.157680697191 
-3.055940097310384 3.903061334869162 0.7 0.145003329381 
-3.159971702289522 3.9614005906534455 0.7 0.152575616561 
-3.2674118538079924 4.019137011062827 0.7 0.155523519201 
-3.370063789384575 4.0719409789287155 0.7 0.149064654155 
-3.4776292405706353 4.1248520185248045 0.7 0.151674038091 
-3.5598717273913176 4.163700342318116 0.7 0.152613451939 
-3.671185576984941 4.213998048912441 0.7 0.150345122579 
-3.781471407948498 4.2615469962055 0.7 0.158598407912 
-3.8709859053110174 4.298278633276753 0.7 0.143100368743 
-3.9810373750162986 4.341485049648722 0.7 0.162975448022 
-4.0945136380036615 4.38357468897269 0.7 0.142130572868 
-4.19741972945308 4.419783250703376 0.7 0.158245359262 
-4.285543205603549 4.449245970387047 0.7 0.146445106094 
-4.364362002435916 4.474403978374507 0.7 0.155236628951 
-4.497879140244596 4.514595345748347 0.7 0.155818330759 
-4.63800705552066 4.5535215960222 0.7 0.149193832244 
-4.711186110920818 4.572493634677554 0.7 0.150477386659 
-4.843718848958466 4.604617173527511 0.7 0.156434479028 
-4.96602037891414 4.631708577524005 0.7 0.149776714661 
-5.08684275575019 4.656042409028504 0.7 0.151373655677 
-5.1792688050524935 4.673178248966142 0.7 0.154919801894 
-5.293595020032734 4.692320165492196 0.7 0.14199143229 
-5.420462194910415 4.711319166480547 0.7 0.166017989441 
-5.555928744300724 4.728743887318599 0.7 0.141221045762 
-5.6401059492374115 4.7380889271284055 0.7 0.156494788963 
-5.735667901212496 4.747428061708863 0.7 0.1569188551 
-5.839354056973254 4.7560060045599295 0.7 0.145471808418 
-5.972349487525639 4.764444982708097 0.7 0.148728993644 
-6.073127192123668 4.769131330534748 0.7 0.161594157023 
-6.20846575927791 4.7730010515370465 0.7 0.144348964533 
-6.307513482096519 4.774062656194481 0.7 0.151370933388 
-6.412336259428818 4.773521405473586 0.7 0.15241930346 
-6.539413074242189 4.770624159041492 0.7 0.155789297756 
-6.6717281217501405 4.765009686406557 0.7 0.152039385052 
-6.745245234862331 4.760731406419291 0.7 0.151123764662 
-6.891254113470641 4.749833999959785 0.7 0.152579056547 
-7.016026286283335 4.737916580289422 0.7 0.148762592231 
-7.112348499289353 4.727083682171976 0.7 0.15254242685 
-7.221798790405965 4.712922952159406 0.7 0.150896401497 
-7.335841660131971 4.6962806456889075 0.7 0.160844755201 
-7.4064100362126615 4.68495349700383 0.7 0.143976532111 
-7.5209694716054045 4.664834516848338 0.7 0.152611107045 
-7.63307715590034 4.643180278879162 0.7 0.156476871517 
-7.752397870658969 4.617889807758781 0.7 0.147146615418 
-7.880348226607862 4.588159540142248 0.7 0.152923156319 
-7.991854319882789 4.559992162512009 0.7 0.153504039212 
-8.071740942344483 4.538568520159175 0.7 0.155257627865 
-8.191279095199274 4.504553192554328 0.7 0.147465868819 
-8.304028641939933 4.470103783128682 0.7 0.147037949456 
-8.398114532906591 4.439718602184513 0.7 0.159402113066 
-8.515631145247262 4.399483807243165 0.7 0.1462127788 
-8.604039462156798 4.367617831638722 0.7 0.156783617211 
-8.72297468559595 4.322392291006474 0.7 0.1473900769 
-8.823331272837166 4.282234558285405 0.7 0.157512747907 
-8.903286659466309 4.248849086160776 0.7 0.146745542813 
-9.019830888710338 4.19788895341062 0.7 0.15311209145 
-9.120813985843993 4.151576784455841 0.7 0.15585341063 
